   1.2500000000000002E-007   313.17746743049378        40.027473534009403     
   3.7500000000000006E-007   313.17746743078334        40.027473534298963     
   6.2500000000000016E-007   313.17746743107273        40.027473534588353     
   8.7500000000000020E-007   313.17746743136195        40.027473534877572     
   1.1250000000000002E-006   313.17746743165100        40.027473535166621     
   1.3750000000000004E-006   313.17746743193987        40.027473535455499     
   1.6250000000000005E-006   313.17746743222858        40.027473535744207     
   1.8750000000000007E-006   313.17746743251712        40.027473536032744     
   2.1250000000000008E-006   313.17746743280549        40.027473536321111     
   2.3750000000000010E-006   313.17746743309368        40.027473536609307     
   2.6250000000000011E-006   313.17746743338165        40.027473536897276     
   2.8750000000000013E-006   313.17746743366951        40.027473537185131     
   3.1250000000000014E-006   313.17746743395719        40.027473537472815     
   3.3750000000000016E-006   313.17746743424470        40.027473537760329     
   3.6250000000000017E-006   313.17746743453205        40.027473538047673     
   3.8750000000000019E-006   313.17746743481922        40.027473538334846     
   4.1250000000000020E-006   313.17746743510622        40.027473538621848     
   4.3750000000000022E-006   313.17746743539311        40.027473538908737     
   4.6250000000000023E-006   313.17746743567983        40.027473539195455     
   4.8750000000000025E-006   313.17746743596643        40.027473539482060     
   5.1250000000000026E-006   313.17746743625293        40.027473539768550     
   5.3750000000000027E-006   313.17746743653925        40.027473540054871     
   5.6250000000000029E-006   313.17746743682545        40.027473540341077     
   5.8750000000000030E-006   313.17746743711155        40.027473540627170     
   6.1250000000000032E-006   313.17746743739747        40.027473540913093     
   6.3750000000000033E-006   313.17746743768328        40.027473541198901     
   6.6250000000000035E-006   313.17746743796897        40.027473541484596     
   6.8750000000000036E-006   313.17746743825450        40.027473541770121     
   7.1250000000000038E-006   313.17746743853991        40.027473542055532     
   7.3750000000000039E-006   313.17746743882520        40.027473542340829     
   7.6250000000000041E-006   313.17746743911033        40.027473542625955     
   7.8750000000000034E-006   313.17746743939529        40.027473542910911     
   8.1250000000000027E-006   313.17746743968007        40.027473543195697     
   8.3750000000000020E-006   313.17746743996469        40.027473543480312     
   8.6250000000000013E-006   313.17746744024913        40.027473543764756     
   8.8750000000000006E-006   313.17746744053346        40.027473544049087     
   9.1249999999999999E-006   313.17746744081757        40.027473544333191     
   9.3749999999999992E-006   313.17746744110150        40.027473544617123     
   9.6249999999999985E-006   313.17746744138520        40.027473544900829     
   9.8749999999999978E-006   313.17746744166880        40.027473545184421     
   1.0124999999999997E-005   313.17746744195222        40.027473545467842     
   1.0374999999999996E-005   313.17746744223541        40.027473545751036     
   1.0624999999999996E-005   313.17746744251849        40.027473546034116     
   1.0874999999999995E-005   313.17746744280140        40.027473546317026     
   1.1124999999999994E-005   313.17746744308414        40.027473546599765     
   1.1374999999999994E-005   313.17746744336671        40.027473546882334     
   1.1624999999999993E-005   313.17746744364916        40.027473547164789     
   1.1874999999999992E-005   313.17746744393145        40.027473547447073     
   1.2124999999999991E-005   313.17746744421362        40.027473547729244     
   1.2374999999999991E-005   313.17746744449568        40.027473548011301     
   1.2624999999999990E-005   313.17746744477756        40.027473548293187     
   1.2874999999999989E-005   313.17746744505934        40.027473548574960     
   1.3124999999999989E-005   313.17746744534099        40.027473548856619     
   1.3374999999999988E-005   313.17746744562248        40.027473549138108     
   1.3624999999999987E-005   313.17746744590386        40.027473549419483     
   1.3874999999999987E-005   313.17746744618512        40.027473549700744     
   1.4124999999999986E-005   313.17746744646621        40.027473549981835     
   1.4374999999999985E-005   313.17746744674719        40.027473550262812     
   1.4624999999999984E-005   313.17746744702805        40.027473550543675     
   1.4874999999999984E-005   313.17746744730874        40.027473550824368     
   1.5124999999999983E-005   313.17746744758932        40.027473551104947     
   1.5374999999999984E-005   313.17746744786979        40.027473551385413     
   1.5624999999999983E-005   313.17746744815008        40.027473551665707     
   1.5874999999999983E-005   313.17746744843026        40.027473551945889     
   1.6124999999999982E-005   313.17746744871027        40.027473552225899     
   1.6374999999999981E-005   313.17746744899017        40.027473552505796     
   1.6624999999999981E-005   313.17746744926995        40.027473552785580     
   1.6874999999999980E-005   313.17746744954957        40.027473553065192     
   1.7124999999999979E-005   313.17746744982907        40.027473553344691     
   1.7374999999999978E-005   313.17746745010845        40.027473553624077     
   1.7624999999999978E-005   313.17746745038767        40.027473553903292     
   1.7874999999999977E-005   313.17746745066677        40.027473554182393     
   1.8124999999999976E-005   313.17746745094576        40.027473554461380     
   1.8374999999999976E-005   313.17746745122457        40.027473554740197     
   1.8624999999999975E-005   313.17746745150328        40.027473555018901     
   1.8874999999999974E-005   313.17746745178187        40.027473555297490     
   1.9124999999999974E-005   313.17746745206028        40.027473555575909     
   1.9374999999999973E-005   313.17746745233859        40.027473555854215     
   1.9624999999999972E-005   313.17746745261678        40.027473556132406     
   1.9874999999999971E-005   313.17746745289480        40.027473556410428     
   2.0124999999999971E-005   313.17746747387423        40.027473577389856     
   2.0374999999999970E-005   313.17746751544820        40.027473618963825     
   2.0624999999999969E-005   313.17746755691513        40.027473660430758     
   2.0874999999999969E-005   313.17746759827503        40.027473701790655     
   2.1124999999999968E-005   313.17746763952789        40.027473743043515     
   2.1374999999999967E-005   313.17746768067389        40.027473784189510     
   2.1624999999999967E-005   313.17746772171290        40.027473825228526     
   2.1874999999999966E-005   313.17746776264488        40.027473866160506     
   2.2124999999999965E-005   313.17746780346994        40.027473906985563     
   2.2374999999999964E-005   313.17746784418807        40.027473947703697     
   2.2624999999999964E-005   313.17746788479923        40.027473988314853     
   2.2874999999999963E-005   313.17746792530346        40.027474028819086     
   2.3124999999999962E-005   313.17746796570077        40.027474069216396     
   2.3374999999999962E-005   313.17746800599116        40.027474109506784     
   2.3624999999999961E-005   313.17746804617457        40.027474149690192     
   2.3874999999999960E-005   313.17746808625105        40.027474189766679     
   2.4124999999999960E-005   313.17746812622073        40.027474229736356     
   2.4374999999999959E-005   313.17746816608349        40.027474269599111     
   2.4624999999999958E-005   313.17746820583938        40.027474309355000     
   2.4874999999999958E-005   313.17746824548834        40.027474349003967     
   2.5124999999999957E-005   313.17746828503044        40.027474388546068     
   2.5374999999999956E-005   313.17746832446574        40.027474427981360     
   2.5624999999999955E-005   313.17746836379416        40.027474467309787     
   2.5874999999999955E-005   313.17746840301567        40.027474506531291     
   2.6124999999999954E-005   313.17746844213036        40.027474545645987     
   2.6374999999999953E-005   313.17746848113819        40.027474584653817     
   2.6624999999999953E-005   313.17746852003921        40.027474623554838     
   2.6874999999999952E-005   313.17746855883337        40.027474662348993     
   2.7124999999999951E-005   313.17746859752071        40.027474701036340     
   2.7374999999999951E-005   313.17746863610125        40.027474739616878     
   2.7624999999999950E-005   313.17746867457498        40.027474778090607     
   2.7874999999999949E-005   313.17746871294196        40.027474816457584     
   2.8124999999999948E-005   313.17746875120207        40.027474854717696     
   2.8374999999999948E-005   313.17746878935543        40.027474892871055     
   2.8624999999999947E-005   313.17746882740198        40.027474930917606     
   2.8874999999999946E-005   313.17746886534172        40.027474968857348     
   2.9124999999999946E-005   313.17746890317471        40.027475006690338     
   2.9374999999999945E-005   313.17746894090095        40.027475044416576     
   2.9624999999999944E-005   313.17746897852049        40.027475082036119     
   2.9874999999999944E-005   313.17746901603334        40.027475119548967     
   3.0124999999999943E-005   313.17746905343944        40.027475156955063     
   3.0374999999999942E-005   313.17746909073884        40.027475194254464     
   3.0624999999999945E-005   313.17746912793154        40.027475231447170     
   3.0874999999999944E-005   313.17746916501756        40.027475268533180     
   3.1124999999999943E-005   313.17746920199687        40.027475305512496     
   3.1374999999999943E-005   313.17746923886949        40.027475342385117     
   3.1624999999999942E-005   313.17746927563547        40.027475379151099     
   3.1874999999999941E-005   313.17746931229476        40.027475415810386     
   3.2124999999999941E-005   313.17746934884735        40.027475452362978     
   3.2374999999999940E-005   313.17746938529331        40.027475488808932     
   3.2624999999999939E-005   313.17746942163257        40.027475525148191     
   3.2874999999999939E-005   313.17746945786519        40.027475561380811     
   3.3124999999999938E-005   313.17746949399111        40.027475597506736     
   3.3374999999999937E-005   313.17746953001046        40.027475633526080     
   3.3624999999999936E-005   313.17746956592316        40.027475669438786     
   3.3874999999999936E-005   313.17746960172917        40.027475705244797     
   3.4124999999999935E-005   313.17746963742860        40.027475740944226     
   3.4374999999999934E-005   313.17746967302139        40.027475776537017     
   3.4624999999999934E-005   313.17746970850766        40.027475812023283     
   3.4874999999999933E-005   313.17746974388729        40.027475847402911     
   3.5124999999999932E-005   313.17746977916033        40.027475882675958     
   3.5374999999999932E-005   313.17746981432674        40.027475917842366     
   3.5624999999999931E-005   313.17746984938657        40.027475952902194     
   3.5874999999999930E-005   313.17746988433976        40.027475987855382     
   3.6124999999999929E-005   313.17746991918642        40.027476022702047     
   3.6374999999999929E-005   313.17746995392650        40.027476057442129     
   3.6624999999999928E-005   313.17746998856006        40.027476092075688     
   3.6874999999999927E-005   313.17747002308710        40.027476126602721     
   3.7124999999999927E-005   313.17747005750761        40.027476161023230     
   3.7374999999999926E-005   313.17747009182159        40.027476195337215     
   3.7624999999999925E-005   313.17747012602905        40.027476229544675     
   3.7874999999999925E-005   313.17747016012999        40.027476263645610     
   3.8124999999999924E-005   313.17747019412445        40.027476297640078     
   3.8374999999999923E-005   313.17747022801245        40.027476331528078     
   3.8624999999999922E-005   313.17747026179399        40.027476365309610     
   3.8874999999999922E-005   313.17747029546899        40.027476398984618     
   3.9124999999999921E-005   313.17747032903753        40.027476432553158     
   3.9374999999999920E-005   313.17747036249961        40.027476466015230     
   3.9624999999999920E-005   313.17747039585521        40.027476499370835     
   3.9874999999999919E-005   313.17747042910435        40.027476532619971     
   4.0124999999999918E-005   313.17747046224707        40.027476565762697     
   4.0374999999999918E-005   313.17747049528333        40.027476598798955     
   4.0624999999999917E-005   313.17747052821318        40.027476631728803     
   4.0874999999999916E-005   313.17747056103661        40.027476664552239     
   4.1124999999999915E-005   313.17747059375370        40.027476697269321     
   4.1374999999999915E-005   313.17747062636431        40.027476729879936     
   4.1624999999999914E-005   313.17747065886857        40.027476762384197     
   4.1874999999999913E-005   313.17747069126642        40.027476794782046     
   4.2124999999999913E-005   313.17747072355786        40.027476827073485     
   4.2374999999999912E-005   313.17747075574295        40.027476859258570     
   4.2624999999999911E-005   313.17747078782162        40.027476891337244     
   4.2874999999999911E-005   313.17747081979394        40.027476923309564     
   4.3124999999999910E-005   313.17747085165985        40.027476955175473     
   4.3374999999999909E-005   313.17747088341940        40.027476986935028     
   4.3624999999999908E-005   313.17747091507266        40.027477018588286     
   4.3874999999999908E-005   313.17747094661962        40.027477050135246     
   4.4124999999999907E-005   313.17747097806028        40.027477081575910     
   4.4374999999999906E-005   313.17747100939465        40.027477112910276     
   4.4624999999999906E-005   313.17747104062272        40.027477144138345     
   4.4874999999999905E-005   313.17747107174449        40.027477175260117     
   4.5124999999999904E-005   313.17747110275997        40.027477206275591     
   4.5374999999999904E-005   313.17747113366914        40.027477237184769     
   4.5624999999999903E-005   313.17747116447202        40.027477267987649     
   4.5874999999999902E-005   313.17747119516861        40.027477298684232     
   4.6124999999999901E-005   313.17747122575895        40.027477329274575     
   4.6374999999999901E-005   313.17747125624305        40.027477359758677     
   4.6624999999999900E-005   313.17747128662091        40.027477390136539     
   4.6874999999999899E-005   313.17747131689248        40.027477420408104     
   4.7124999999999899E-005   313.17747134705780        40.027477450573429     
   4.7374999999999898E-005   313.17747137711689        40.027477480632513     
   4.7624999999999897E-005   313.17747140706973        40.027477510585356     
   4.7874999999999897E-005   313.17747143691633        40.027477540431960     
   4.8124999999999896E-005   313.17747146665670        40.027477570172323     
   4.8374999999999895E-005   313.17747149629088        40.027477599806502     
   4.8624999999999894E-005   313.17747152581882        40.027477629334442     
   4.8874999999999894E-005   313.17747155524057        40.027477658756197     
   4.9124999999999893E-005   313.17747158455609        40.027477688071713     
   4.9374999999999892E-005   313.17747161376542        40.027477717281045     
   4.9624999999999892E-005   313.17747164286857        40.027477746384193     
   4.9874999999999891E-005   313.17747167186548        40.027477775381101     
   5.0124999999999890E-005   313.17747170075620        40.027477804271825     
   5.0374999999999890E-005   313.17747172954080        40.027477833056423     
   5.0624999999999889E-005   313.17747175821927        40.027477861734894     
   5.0874999999999888E-005   313.17747178679161        40.027477890307239     
   5.1124999999999887E-005   313.17747181525783        40.027477918773457     
   5.1374999999999887E-005   313.17747184361792        40.027477947133548     
   5.1624999999999886E-005   313.17747187187189        40.027477975387512     
   5.1874999999999885E-005   313.17747190001978        40.027478003535407     
   5.2124999999999885E-005   313.17747192806161        40.027478031577232     
   5.2374999999999884E-005   313.17747195599731        40.027478059512930     
   5.2624999999999883E-005   313.17747198382693        40.027478087342558     
   5.2874999999999883E-005   313.17747201155049        40.027478115066117     
   5.3124999999999882E-005   313.17747203916798        40.027478142683606     
   5.3374999999999881E-005   313.17747206667940        40.027478170195025     
   5.3624999999999880E-005   313.17747209408481        40.027478197600431     
   5.3874999999999880E-005   313.17747212138414        40.027478224899767     
   5.4124999999999879E-005   313.17747214857741        40.027478252093033     
   5.4374999999999878E-005   313.17747217566466        40.027478279180286     
   5.4624999999999878E-005   313.17747220264584        40.027478306161470     
   5.4874999999999877E-005   313.17747222952107        40.027478333036697     
   5.5124999999999876E-005   313.17747225629023        40.027478359805855     
   5.5374999999999876E-005   313.17747228295337        40.027478386468999     
   5.5624999999999875E-005   313.17747230951056        40.027478413026188     
   5.5874999999999874E-005   313.17747233596174        40.027478439477363     
   5.6124999999999873E-005   313.17747236230696        40.027478465822583     
   5.6374999999999873E-005   313.17747238854616        40.027478492061789     
   5.6624999999999872E-005   313.17747241467941        40.027478518195039     
   5.6874999999999871E-005   313.17747244070682        40.027478544222447     
   5.7124999999999871E-005   313.17747246662827        40.027478570143899     
   5.7374999999999870E-005   313.17747249244383        40.027478595959451     
   5.7624999999999869E-005   313.17747251815342        40.027478621669047     
   5.7874999999999869E-005   313.17747254375712        40.027478647272744     
   5.8124999999999868E-005   313.17747256925486        40.027478672770485     
   5.8374999999999867E-005   313.17747259464676        40.027478698162383     
   5.8624999999999866E-005   313.17747261993276        40.027478723448382     
   5.8874999999999866E-005   313.17747264511286        40.027478748628482     
   5.9124999999999865E-005   313.17747267018706        40.027478773702683     
   5.9374999999999864E-005   313.17747269515536        40.027478798670984     
   5.9624999999999864E-005   313.17747272001782        40.027478823533443     
   5.9874999999999863E-005   313.17747274477443        40.027478848290059     
   6.0124999999999862E-005   313.17747276942515        40.027478872940776     
   6.0374999999999862E-005   313.17747279397003        40.027478897485651     
   6.0624999999999861E-005   313.17747281840900        40.027478921924626     
   6.0874999999999860E-005   313.17747284274213        40.027478946257759     
   6.1124999999999859E-005   313.17747286696948        40.027478970485106     
   6.1374999999999866E-005   313.17747289109099        40.027478994606611     
   6.1624999999999872E-005   313.17747291510659        40.027479018622216     
   6.1874999999999878E-005   313.17747293901635        40.027479042531979     
   6.2124999999999884E-005   313.17747296282039        40.027479066336014     
   6.2374999999999890E-005   313.17747298651858        40.027479090034205     
   6.2624999999999896E-005   313.17747301011093        40.027479113626555     
   6.2874999999999902E-005   313.17747303359744        40.027479137113062     
   6.3124999999999908E-005   313.17747305697822        40.027479160493840     
   6.3374999999999914E-005   313.17747308025315        40.027479183768776     
   6.3624999999999920E-005   313.17747310342230        40.027479206937926     
   6.3874999999999926E-005   313.17747312648567        40.027479230001290     
   6.4124999999999932E-005   313.17747314944324        40.027479252958869     
   6.4374999999999938E-005   313.17747317229509        40.027479275810720     
   6.4624999999999945E-005   313.17747319504122        40.027479298556841     
   6.4874999999999951E-005   313.17747321768155        40.027479321197177     
   6.5124999999999957E-005   313.17747324021622        40.027479343731841     
   6.5374999999999963E-005   313.17747326264509        40.027479366160719     
   6.5624999999999969E-005   313.17747328496830        40.027479388483926     
   6.5874999999999975E-005   313.17747330718578        40.027479410701403     
   6.6124999999999981E-005   313.17747332929753        40.027479432813152     
   6.6374999999999987E-005   313.17747335130360        40.027479454819229     
   6.6624999999999993E-005   313.17747337320401        40.027479476719634     
   6.6874999999999999E-005   313.17747339499869        40.027479498514310     
   6.7125000000000005E-005   313.17747341668775        40.027479520203372     
   6.7375000000000011E-005   313.17747343827114        40.027479541786761     
   6.7625000000000017E-005   313.17747345974885        40.027479563264478     
   6.7875000000000024E-005   313.17747348112090        40.027479584636524     
   6.8125000000000030E-005   313.17747350238733        40.027479605902954     
   6.8375000000000036E-005   313.17747352354809        40.027479627063713     
   6.8625000000000042E-005   313.17747354460323        40.027479648118856     
   6.8875000000000048E-005   313.17747356555282        40.027479669068441     
   6.9125000000000054E-005   313.17747358639673        40.027479689912354     
   6.9375000000000060E-005   313.17747360713508        40.027479710650709     
   6.9625000000000066E-005   313.17747362776782        40.027479731283449     
   6.9875000000000072E-005   313.17747364829495        40.027479751810574     
   7.0125000000000078E-005   313.17747366871652        40.027479772232141     
   7.0375000000000084E-005   313.17747368903252        40.027479792548149     
   7.0625000000000090E-005   313.17747370924297        40.027479812758600     
   7.0875000000000096E-005   313.17747372934781        40.027479832863435     
   7.1125000000000103E-005   313.17747374934709        40.027479852862712     
   7.1375000000000109E-005   313.17747376924086        40.027479872756487     
   7.1625000000000115E-005   313.17747378902914        40.027479892544761     
   7.1875000000000121E-005   313.17747380871191        40.027479912227534     
   7.2125000000000127E-005   313.17747382828912        40.027479931804749     
   7.2375000000000133E-005   313.17747384776089        40.027479951276518     
   7.2625000000000139E-005   313.17747386712716        40.027479970642787     
   7.2875000000000145E-005   313.17747388638787        40.027479989903497     
   7.3125000000000151E-005   313.17747390554314        40.027480009058763     
   7.3375000000000157E-005   313.17747392459290        40.027480028108528     
   7.3625000000000163E-005   313.17747394353722        40.027480047052848     
   7.3875000000000169E-005   313.17747396237604        40.027480065891666     
   7.4125000000000175E-005   313.17747398110942        40.027480084625040     
   7.4375000000000182E-005   313.17747399973729        40.027480103252913     
   7.4625000000000188E-005   313.17747401825972        40.027480121775341     
   7.4875000000000194E-005   313.17747403667664        40.027480140192267     
   7.5125000000000200E-005   313.17747405498818        40.027480158503806     
   7.5375000000000206E-005   313.17747407319422        40.027480176709844     
   7.5625000000000212E-005   313.17747409129487        40.027480194810494     
   7.5875000000000218E-005   313.17747410929007        40.027480212805699     
   7.6125000000000224E-005   313.17747412717978        40.027480230695403     
   7.6375000000000230E-005   313.17747414496409        40.027480248479719     
   7.6625000000000236E-005   313.17747416264297        40.027480266158591     
   7.6875000000000242E-005   313.17747418021645        40.027480283732075     
   7.7125000000000248E-005   313.17747419768455        40.027480301200171     
   7.7375000000000254E-005   313.17747421504720        40.027480318562823     
   7.7625000000000261E-005   313.17747423230452        40.027480335820144     
   7.7875000000000267E-005   313.17747424945651        40.027480352972134     
   7.8125000000000273E-005   313.17747426650311        40.027480370018736     
   7.8375000000000279E-005   313.17747428344438        40.027480386960008     
   7.8625000000000285E-005   313.17747430028032        40.027480403795948     
   7.8875000000000291E-005   313.17747431701093        40.027480420526558     
   7.9125000000000297E-005   313.17747433363621        40.027480437151837     
   7.9375000000000303E-005   313.17747435015616        40.027480453671785     
   7.9625000000000309E-005   313.17747436657078        40.027480470086402     
   7.9875000000000315E-005   313.17747438288006        40.027480486395689     
   8.0125000000000321E-005   313.17747439908408        40.027480502599701     
   8.0375000000000327E-005   313.17747441518276        40.027480518698383     
   8.0625000000000333E-005   313.17747443117622        40.027480534691847     
   8.0875000000000340E-005   313.17747444706436        40.027480550579980     
   8.1125000000000346E-005   313.17747446284721        40.027480566362840     
   8.1375000000000352E-005   313.17747447852480        40.027480582040425     
   8.1625000000000358E-005   313.17747449409711        40.027480597612737     
   8.1875000000000364E-005   313.17747450956421        40.027480613079831     
   8.2125000000000370E-005   313.17747452492608        40.027480628441708     
   8.2375000000000376E-005   313.17747454018269        40.027480643698311     
   8.2625000000000382E-005   313.17747455533407        40.027480658849697     
   8.2875000000000388E-005   313.17747457038024        40.027480673895866     
   8.3125000000000394E-005   313.17747458532119        40.027480688836818     
   8.3375000000000400E-005   313.17747460015693        40.027480703672552     
   8.3625000000000406E-005   313.17747461488744        40.027480718403069     
   8.3875000000000412E-005   313.17747462951274        40.027480733028369     
   8.4125000000000419E-005   313.17747464403283        40.027480747548452     
   8.4375000000000425E-005   313.17747465844781        40.027480761963432     
   8.4625000000000431E-005   313.17747467275757        40.027480776273194     
   8.4875000000000437E-005   313.17747468696217        40.027480790477796     
   8.5125000000000443E-005   313.17747470106156        40.027480804577181     
   8.5375000000000449E-005   313.17747471505584        40.027480818571462     
   8.5625000000000455E-005   313.17747472894501        40.027480832460640     
   8.5875000000000461E-005   313.17747474272909        40.027480846244714     
   8.6125000000000467E-005   313.17747475640806        40.027480859923685     
   8.6375000000000473E-005   313.17747476998187        40.027480873497495     
   8.6625000000000479E-005   313.17747478345058        40.027480886966202     
   8.6875000000000485E-005   313.17747479681418        40.027480900329806     
   8.7125000000000491E-005   313.17747481007268        40.027480913588306     
   8.7375000000000498E-005   313.17747482322613        40.027480926741760     
   8.7625000000000504E-005   313.17747483627448        40.027480939790109     
   8.7875000000000510E-005   313.17747484921773        40.027480952733356     
   8.8125000000000516E-005   313.17747486205593        40.027480965571556     
   8.8375000000000522E-005   313.17747487478908        40.027480978304709     
   8.8625000000000528E-005   313.17747488741713        40.027480990932759     
   8.8875000000000534E-005   313.17747489994014        40.027481003455762     
   8.9125000000000540E-005   313.17747491235815        40.027481015873775     
   8.9375000000000546E-005   313.17747492467106        40.027481028186685     
   8.9625000000000552E-005   313.17747493687898        40.027481040394605     
   8.9875000000000558E-005   313.17747494898185        40.027481052497478     
   9.0125000000000564E-005   313.17747496097974        40.027481064495362     
   9.0375000000000570E-005   313.17747497287257        40.027481076388199     
   9.0625000000000577E-005   313.17747498466042        40.027481088176046     
   9.0875000000000583E-005   313.17747499634322        40.027481099858846     
   9.1125000000000589E-005   313.17747500792103        40.027481111436657     
   9.1375000000000595E-005   313.17747501939385        40.027481122909478     
   9.1625000000000601E-005   313.17747503076174        40.027481134277366     
   9.1875000000000607E-005   313.17747504202464        40.027481145540264     
   9.2125000000000613E-005   313.17747505318260        40.027481156698229     
   9.2375000000000619E-005   313.17747506423558        40.027481167751205     
   9.2625000000000625E-005   313.17747507518362        40.027481178699247     
   9.2875000000000631E-005   313.17747508602679        40.027481189542414     
   9.3125000000000637E-005   313.17747509676497        40.027481200280590     
   9.3375000000000643E-005   313.17747510739827        40.027481210913891     
   9.3625000000000649E-005   313.17747511792663        40.027481221442258     
   9.3875000000000656E-005   313.17747512835007        40.027481231865693     
   9.4125000000000662E-005   313.17747513866857        40.027481242184194     
   9.4375000000000668E-005   313.17747514888214        40.027481252397763     
   9.4625000000000674E-005   313.17747515899083        40.027481262506456     
   9.4875000000000680E-005   313.17747516899470        40.027481272510329     
   9.5125000000000686E-005   313.17747517889370        40.027481282409326     
   9.5375000000000692E-005   313.17747518868782        40.027481292203447     
   9.5625000000000698E-005   313.17747519837712        40.027481301892749     
   9.5875000000000704E-005   313.17747520796155        40.027481311477175     
   9.6125000000000710E-005   313.17747521744116        40.027481320956781     
   9.6375000000000716E-005   313.17747522681589        40.027481330331511     
   9.6625000000000722E-005   313.17747523608580        40.027481339601422     
   9.6875000000000728E-005   313.17747524525089        40.027481348766514     
   9.7125000000000735E-005   313.17747525431122        40.027481357826844     
   9.7375000000000741E-005   313.17747526326667        40.027481366782297     
   9.7625000000000747E-005   313.17747527211736        40.027481375632988     
   9.7875000000000753E-005   313.17747528086323        40.027481384378859     
   9.8125000000000759E-005   313.17747528950429        40.027481393019912     
   9.8375000000000765E-005   313.17747529804058        40.027481401556201     
   9.8625000000000771E-005   313.17747530647216        40.027481409987786     
   9.8875000000000777E-005   313.17747531479898        40.027481418314608     
   9.9125000000000783E-005   313.17747532302104        40.027481426536667     
   9.9375000000000789E-005   313.17747533113828        40.027481434653907     
   9.9625000000000795E-005   313.17747533915082        40.027481442666442     
   9.9875000000000801E-005   313.17747534705865        40.027481450574271     
   1.0012500000000081E-004   313.17747535486177        40.027481458377395     
   1.0037500000000081E-004   313.17747536256013        40.027481466075756     
   1.0062500000000082E-004   313.17747537015379        40.027481473669411     
   1.0087500000000083E-004   313.17747537764274        40.027481481158361     
   1.0112500000000083E-004   313.17747538502698        40.027481488542605     
   1.0137500000000084E-004   313.17747539230658        40.027481495822201     
   1.0162500000000084E-004   313.17747539948147        40.027481502997091     
   1.0187500000000085E-004   313.17747540655171        40.027481510067332     
   1.0212500000000086E-004   313.17747541351724        40.027481517032868     
   1.0237500000000086E-004   313.17747542037813        40.027481523893755     
   1.0262500000000087E-004   313.17747542713437        40.027481530649993     
   1.0287500000000087E-004   313.17747543378590        40.027481537301526     
   1.0312500000000088E-004   313.17747544033278        40.027481543848410     
   1.0337500000000089E-004   313.17747544677502        40.027481550290645     
   1.0362500000000089E-004   313.17747545311261        40.027481556628231     
   1.0387500000000090E-004   313.17747545934560        40.027481562861226     
   1.0412500000000090E-004   313.17747546547400        40.027481568989629     
   1.0437500000000091E-004   313.17747547149776        40.027481575013383     
   1.0462500000000092E-004   313.17747547741686        40.027481580932488     
   1.0487500000000092E-004   313.17747548323138        40.027481586747001     
   1.0512500000000093E-004   313.17747548894130        40.027481592456922     
   1.0537500000000094E-004   313.17747549454663        40.027481598062252     
   1.0562500000000094E-004   313.17747550004736        40.027481603562990     
   1.0587500000000095E-004   313.17747550544357        40.027481608959192     
   1.0612500000000095E-004   313.17747551073523        40.027481614250860     
   1.0637500000000096E-004   313.17747551592231        40.027481619437935     
   1.0662500000000097E-004   313.17747552100485        40.027481624520476     
   1.0687500000000097E-004   313.17747552598286        40.027481629498482     
   1.0712500000000098E-004   313.17747553085627        40.027481634371895     
   1.0737500000000098E-004   313.17747553562515        40.027481639140774     
   1.0762500000000099E-004   313.17747554028949        40.027481643805118     
   1.0787500000000100E-004   313.17747554484936        40.027481648364983     
   1.0812500000000100E-004   313.17747554930475        40.027481652820370     
   1.0837500000000101E-004   313.17747555365565        40.027481657171279     
   1.0862500000000101E-004   313.17747555790203        40.027481661417653     
   1.0887500000000102E-004   313.17747556204392        40.027481665559549     
   1.0912500000000103E-004   313.17747556608134        40.027481669596966     
   1.0937500000000103E-004   313.17747557001428        40.027481673529905     
   1.0962500000000104E-004   313.17747557384274        40.027481677358367     
   1.0987500000000104E-004   313.17747557756672        40.027481681082349     
   1.1012500000000105E-004   313.17747558118629        40.027481684701911     
   1.1037500000000106E-004   313.17747558470143        40.027481688217051     
   1.1062500000000106E-004   313.17747558811215        40.027481691627770     
   1.1087500000000107E-004   313.17747559141844        40.027481694934067     
   1.1112500000000107E-004   313.17747559462032        40.027481698135944     
   1.1137500000000108E-004   313.17747559771777        40.027481701233398     
   1.1162500000000109E-004   313.17747560071081        40.027481704226432     
   1.1187500000000109E-004   313.17747560359942        40.027481707115044     
   1.1212500000000110E-004   313.17747560638367        40.027481709899291     
   1.1237500000000111E-004   313.17747560906355        40.027481712579174     
   1.1262500000000111E-004   313.17747561163901        40.027481715154636     
   1.1287500000000112E-004   313.17747561411016        40.027481717625790     
   1.1312500000000112E-004   313.17747561647695        40.027481719992579     
   1.1337500000000113E-004   313.17747561873944        40.027481722255061     
   1.1362500000000114E-004   313.17747562089755        40.027481724413178     
   1.1387500000000114E-004   313.17747562295131        40.027481726466931     
   1.1412500000000115E-004   313.17747562490075        40.027481728416376     
   1.1437500000000115E-004   313.17747562674589        40.027481730261513     
   1.1462500000000116E-004   313.17747562848672        40.027481732002343     
   1.1487500000000117E-004   313.17747563012324        40.027481733638865     
   1.1512500000000117E-004   313.17747563165545        40.027481735171079     
   1.1537500000000118E-004   313.17747563308342        40.027481736599043     
   1.1562500000000118E-004   313.17747563440702        40.027481737922642     
   1.1587500000000119E-004   313.17747563562637        40.027481739141990     
   1.1612500000000120E-004   313.17747563674141        40.027481740257031     
   1.1637500000000120E-004   313.17747563775220        40.027481741267820     
   1.1662500000000121E-004   313.17747563865873        40.027481742174359     
   1.1687500000000121E-004   313.17747563946097        40.027481742976590     
   1.1712500000000122E-004   313.17747564015895        40.027481743674571     
   1.1737500000000123E-004   313.17747564075268        40.027481744268300     
   1.1762500000000123E-004   313.17747564124215        40.027481744757779     
   1.1787500000000124E-004   313.17747564162738        40.027481745143007     
   1.1812500000000124E-004   313.17747564190842        40.027481745424041     
   1.1837500000000125E-004   313.17747564208520        40.027481745600824     
   1.1862500000000126E-004   313.17747564215779        40.027481745673413     
   1.1887500000000126E-004   313.17747564212613        40.027481745641751     
   1.1912500000000127E-004   313.17747564199033        40.027481745505952     
   1.1937500000000128E-004   313.17747564175028        40.027481745265902     
   1.1962500000000128E-004   313.17747564140598        40.027481744921602     
   1.1987500000000129E-004   313.17747564095760        40.027481744473221     
   1.2012500000000129E-004   313.17747563935842        40.027481742874045     
   1.2037500000000130E-004   313.17747563647799        40.027481739993618     
   1.2062500000000131E-004   313.17747563336286        40.027481736878485     
   1.2087500000000131E-004   313.17747563001308        40.027481733528703     
   1.2112500000000132E-004   313.17747562642865        40.027481729944270     
   1.2137500000000132E-004   313.17747562260956        40.027481726125188     
   1.2162500000000133E-004   313.17747561855589        40.027481722071514     
   1.2187500000000134E-004   313.17747561426762        40.027481717783246     
   1.2212500000000133E-004   313.17747560974476        40.027481713260386     
   1.2237500000000133E-004   313.17747560498742        40.027481708503046     
   1.2262500000000134E-004   313.17747559999555        40.027481703511171     
   1.2287500000000135E-004   313.17747559476908        40.027481698284703     
   1.2312500000000135E-004   313.17747558930802        40.027481692823642     
   1.2337500000000136E-004   313.17747558361248        40.027481687128102     
   1.2362500000000137E-004   313.17747557768246        40.027481681198083     
   1.2387500000000137E-004   313.17747557151796        40.027481675033584     
   1.2412500000000138E-004   313.17747556511898        40.027481668634607     
   1.2437500000000138E-004   313.17747555848558        40.027481662001207     
   1.2462500000000139E-004   313.17747555161776        40.027481655133386     
   1.2487500000000140E-004   313.17747554451557        40.027481648031198     
   1.2512500000000140E-004   313.17747553717896        40.027481640694589     
   1.2537500000000141E-004   313.17747552960799        40.027481633123614     
   1.2562500000000141E-004   313.17747552180265        40.027481625318273     
   1.2587500000000142E-004   313.17747551376300        40.027481617278625     
   1.2612500000000143E-004   313.17747550548904        40.027481609004667     
   1.2637500000000143E-004   313.17747549698078        40.027481600496401     
   1.2662500000000144E-004   313.17747548823820        40.027481591753826     
   1.2687500000000144E-004   313.17747547926132        40.027481582776943     
   1.2712500000000145E-004   313.17747547005018        40.027481573565808     
   1.2737500000000146E-004   313.17747546060480        40.027481564120421     
   1.2762500000000146E-004   313.17747545092521        40.027481554440840     
   1.2787500000000147E-004   313.17747544101138        40.027481544527006     
   1.2812500000000147E-004   313.17747543086335        40.027481534378978     
   1.2837500000000148E-004   313.17747542048119        40.027481523996812     
   1.2862500000000149E-004   313.17747540986477        40.027481513380394     
   1.2887500000000149E-004   313.17747539901427        40.027481502529895     
   1.2912500000000150E-004   313.17747538792963        40.027481491445258     
   1.2937500000000150E-004   313.17747537661086        40.027481480126482     
   1.2962500000000151E-004   313.17747536505800        40.027481468573626     
   1.2987500000000152E-004   313.17747535327101        40.027481456786631     
   1.3012500000000152E-004   313.17747534124993        40.027481444765556     
   1.3037500000000153E-004   313.17747532899477        40.027481432510399     
   1.3062500000000154E-004   313.17747531650565        40.027481420021275     
   1.3087500000000154E-004   313.17747530378244        40.027481407298069     
   1.3112500000000155E-004   313.17747529082521        40.027481394340839     
   1.3137500000000155E-004   313.17747527763402        40.027481381149641     
   1.3162500000000156E-004   313.17747526420879        40.027481367724420     
   1.3187500000000157E-004   313.17747525054966        40.027481354065287     
   1.3212500000000157E-004   313.17747523665662        40.027481340172244     
   1.3237500000000158E-004   313.17747522252955        40.027481326045177     
   1.3262500000000158E-004   313.17747520816863        40.027481311684255     
   1.3287500000000159E-004   313.17747519357385        40.027481297089480     
   1.3312500000000160E-004   313.17747517874517        40.027481282260794     
   1.3337500000000160E-004   313.17747516368263        40.027481267198254     
   1.3362500000000161E-004   313.17747514838618        40.027481251901804     
   1.3387500000000161E-004   313.17747513285593        40.027481236371557     
   1.3412500000000162E-004   313.17747511709183        40.027481220607456     
   1.3437500000000163E-004   313.17747510109393        40.027481204609558     
   1.3462500000000163E-004   313.17747508486229        40.027481188377919     
   1.3487500000000164E-004   313.17747506839692        40.027481171912541     
   1.3512500000000164E-004   313.17747505169780        40.027481155213422     
   1.3537500000000165E-004   313.17747503476488        40.027481138280507     
   1.3562500000000166E-004   313.17747501759823        40.027481121113851     
   1.3587500000000166E-004   313.17747500019783        40.027481103713455     
   1.3612500000000167E-004   313.17747498256369        40.027481086079320     
   1.3637500000000168E-004   313.17747496469593        40.027481068211557     
   1.3662500000000168E-004   313.17747494659449        40.027481050110111     
   1.3687500000000169E-004   313.17747492825941        40.027481031775039     
   1.3712500000000169E-004   313.17747490969072        40.027481013206341     
   1.3737500000000170E-004   313.17747489088845        40.027480994404073     
   1.3762500000000171E-004   313.17747487185261        40.027480975368235     
   1.3787500000000171E-004   313.17747485258315        40.027480956098771     
   1.3812500000000172E-004   313.17747483308011        40.027480936595737     
   1.3837500000000172E-004   313.17747481334357        40.027480916859190     
   1.3862500000000173E-004   313.17747479337351        40.027480896889131     
   1.3887500000000174E-004   313.17747477316988        40.027480876685502     
   1.3912500000000174E-004   313.17747475273279        40.027480856248417     
   1.3937500000000175E-004   313.17747473206219        40.027480835577819     
   1.3962500000000175E-004   313.17747471115808        40.027480814673709     
   1.3987500000000176E-004   313.17747469002052        40.027480793536142     
   1.4012500000000177E-004   313.17747466864955        40.027480772165177     
   1.4037500000000177E-004   313.17747464704513        40.027480750560755     
   1.4062500000000178E-004   313.17747462520731        40.027480728722935     
   1.4087500000000178E-004   313.17747460313615        40.027480706651772     
   1.4112500000000179E-004   313.17747458083159        40.027480684347211     
   1.4137500000000180E-004   313.17747455829374        40.027480661809363     
   1.4162500000000180E-004   313.17747453552249        40.027480639038117     
   1.4187500000000181E-004   313.17747451251790        40.027480616033529     
   1.4212500000000181E-004   313.17747448927997        40.027480592795598     
   1.4237500000000182E-004   313.17747446580876        40.027480569324382     
   1.4262500000000183E-004   313.17747444210431        40.027480545619937     
   1.4287500000000183E-004   313.17747441816658        40.027480521682207     
   1.4312500000000184E-004   313.17747439399562        40.027480497511249     
   1.4337500000000185E-004   313.17747436959144        40.027480473107062     
   1.4362500000000185E-004   313.17747434495402        40.027480448469646     
   1.4387500000000186E-004   313.17747432008338        40.027480423599002     
   1.4412500000000186E-004   313.17747429497956        40.027480398495186     
   1.4437500000000187E-004   313.17747426964257        40.027480373158198     
   1.4462500000000188E-004   313.17747424407241        40.027480347588039     
   1.4487500000000188E-004   313.17747421826908        40.027480321784708     
   1.4512500000000189E-004   313.17747420439173        40.027480307907354     
   1.4537500000000189E-004   313.17747420264067        40.027480306156292     
   1.4562500000000190E-004   313.17747420085692        40.027480304372546     
   1.4587500000000191E-004   313.17747419904049        40.027480302556114     
   1.4612500000000191E-004   313.17747419719137        40.027480300706998     
   1.4637500000000192E-004   313.17747419530957        40.027480298825196     
   1.4662500000000192E-004   313.17747419339514        40.027480296910767     
   1.4687500000000193E-004   313.17747419144797        40.027480294963595     
   1.4712500000000194E-004   313.17747418946817        40.027480292983796     
   1.4737500000000194E-004   313.17747418745569        40.027480290971312     
   1.4762500000000195E-004   313.17747418541052        40.027480288926142     
   1.4787500000000195E-004   313.17747418333272        40.027480286848345     
   1.4812500000000196E-004   313.17747418122229        40.027480284737919     
   1.4837500000000197E-004   313.17747417907918        40.027480282594809     
   1.4862500000000197E-004   313.17747417690339        40.027480280419013     
   1.4887500000000198E-004   313.17747417469496        40.027480278210589     
   1.4912500000000198E-004   313.17747417245386        40.027480275969481     
   1.4937500000000199E-004   313.17747417018012        40.027480273695744     
   1.4962500000000200E-004   313.17747416787375        40.027480271389379     
   1.4987500000000200E-004   313.17747416553470        40.027480269050329     
   1.5012500000000201E-004   313.17747416316303        40.027480266678651     
   1.5037500000000202E-004   313.17747416075872        40.027480264274345     
   1.5062500000000202E-004   313.17747415832173        40.027480261837354     
   1.5087500000000203E-004   313.17747415585217        40.027480259367792     
   1.5112500000000203E-004   313.17747415334992        40.027480256865545     
   1.5137500000000204E-004   313.17747415081504        40.027480254330669     
   1.5162500000000205E-004   313.17747414824748        40.027480251763109     
   1.5187500000000205E-004   313.17747414564735        40.027480249162977     
   1.5212500000000206E-004   313.17747414301459        40.027480246530217     
   1.5237500000000206E-004   313.17747414034920        40.027480243864829     
   1.5262500000000207E-004   313.17747413765119        40.027480241166813     
   1.5287500000000208E-004   313.17747413492054        40.027480238436169     
   1.5312500000000208E-004   313.17747413215727        40.027480235672897     
   1.5337500000000209E-004   313.17747412936137        40.027480232876997     
   1.5362500000000209E-004   313.17747412653290        40.027480230048525     
   1.5387500000000210E-004   313.17747412367174        40.027480227187368     
   1.5412500000000211E-004   313.17747412077802        40.027480224293640     
   1.5437500000000211E-004   313.17747411785172        40.027480221367341     
   1.5462500000000212E-004   313.17747411489285        40.027480218408471     
   1.5487500000000212E-004   313.17747411190129        40.027480215416915     
   1.5512500000000213E-004   313.17747410887716        40.027480212392788     
   1.5537500000000214E-004   313.17747410582041        40.027480209336034     
   1.5562500000000214E-004   313.17747410273103        40.027480206246651     
   1.5587500000000215E-004   313.17747409960907        40.027480203124696     
   1.5612500000000216E-004   313.17747409645455        40.027480199970171     
   1.5637500000000216E-004   313.17747409326739        40.027480196783017     
   1.5662500000000217E-004   313.17747409004767        40.027480193563292     
   1.5687500000000217E-004   313.17747408679543        40.027480190311053     
   1.5712500000000218E-004   313.17747408351056        40.027480187026185     
   1.5737500000000219E-004   313.17747408019312        40.027480183708747     
   1.5762500000000219E-004   313.17747407684305        40.027480180358680     
   1.5787500000000220E-004   313.17747407346042        40.027480176976042     
   1.5812500000000220E-004   313.17747407004521        40.027480173560832     
   1.5837500000000221E-004   313.17747406659743        40.027480170113051     
   1.5862500000000222E-004   313.17747406311713        40.027480166632756     
   1.5887500000000222E-004   313.17747405960421        40.027480163119833     
   1.5912500000000223E-004   313.17747405605877        40.027480159574395     
   1.5937500000000223E-004   313.17747405248070        40.027480155996329     
   1.5962500000000224E-004   313.17747404887012        40.027480152385749     
   1.5987500000000225E-004   313.17747404522692        40.027480148742541     
   1.6012500000000225E-004   313.17747404155119        40.027480145066818     
   1.6037500000000226E-004   313.17747403784284        40.027480141358467     
   1.6062500000000226E-004   313.17747403410198        40.027480137617601     
   1.6087500000000227E-004   313.17747403032860        40.027480133844222     
   1.6112500000000228E-004   313.17747402652270        40.027480130038327     
   1.6137500000000228E-004   313.17747402268424        40.027480126199862     
   1.6162500000000229E-004   313.17747401881314        40.027480122328768     
   1.6187500000000229E-004   313.17747401490954        40.027480118425160     
   1.6212500000000230E-004   313.17747401097336        40.027480114488981     
   1.6237500000000231E-004   313.17747400700466        40.027480110520287     
   1.6262500000000231E-004   313.17747400300345        40.027480106519079     
   1.6287500000000232E-004   313.17747399896967        40.027480102485299     
   1.6312500000000233E-004   313.17747399490338        40.027480098419005     
   1.6337500000000233E-004   313.17747399080451        40.027480094320140     
   1.6362500000000234E-004   313.17747398667319        40.027480090188817     
   1.6387500000000234E-004   313.17747398250930        40.027480086024923     
   1.6412500000000235E-004   313.17747397831289        40.027480081828514     
   1.6437500000000236E-004   313.17747397408397        40.027480077599591     
   1.6462500000000236E-004   313.17747396982253        40.027480073338154     
   1.6487500000000237E-004   313.17747396552858        40.027480069044202     
   1.6512500000000237E-004   313.17747396120211        40.027480064717736     
   1.6537500000000238E-004   313.17747395684313        40.027480060358755     
   1.6562500000000239E-004   313.17747395245158        40.027480055967203     
   1.6587500000000239E-004   313.17747394802757        40.027480051543193     
   1.6612500000000240E-004   313.17747394357099        40.027480047086613     
   1.6637500000000240E-004   313.17747393908195        40.027480042597574     
   1.6662500000000241E-004   313.17747393456040        40.027480038076021     
   1.6687500000000242E-004   313.17747393000633        40.027480033521954     
   1.6712500000000242E-004   313.17747392541980        40.027480028935429     
   1.6737500000000243E-004   313.17747392080071        40.027480024316333     
   1.6762500000000243E-004   313.17747391614915        40.027480019664779     
   1.6787500000000244E-004   313.17747391146509        40.027480014980711     
   1.6812500000000245E-004   313.17747390674856        40.027480010264185     
   1.6837500000000245E-004   313.17747390199958        40.027480005515201     
   1.6862500000000246E-004   313.17747389721808        40.027480000733703     
   1.6887500000000246E-004   313.17747389240412        40.027479995919748     
   1.6912500000000247E-004   313.17747388755765        40.027479991073278     
   1.6937500000000248E-004   313.17747388267873        40.027479986194351     
   1.6962500000000248E-004   313.17747387776728        40.027479981282909     
   1.6987500000000249E-004   313.17747387282338        40.027479976339009     
   1.7012500000000250E-004   313.17747386784697        40.027479971362595     
   1.7037500000000250E-004   313.17747386283810        40.027479966353724     
   1.7062500000000251E-004   313.17747385779677        40.027479961312395     
   1.7087500000000251E-004   313.17747385272293        40.027479956238551     
   1.7112500000000252E-004   313.17747384761668        40.027479951132307     
   1.7137500000000253E-004   313.17747384247792        40.027479945993548     
   1.7162500000000253E-004   313.17747383730671        40.027479940822332     
   1.7187500000000254E-004   313.17747383210303        40.027479935618658     
   1.7212500000000254E-004   313.17747382686690        40.027479930382526     
   1.7237500000000255E-004   313.17747382159837        40.027479925113994     
   1.7262500000000256E-004   313.17747381629732        40.027479919812947     
   1.7287500000000256E-004   313.17747381096387        40.027479914479500     
   1.7312500000000257E-004   313.17747380559791        40.027479909113538     
   1.7337500000000257E-004   313.17747380019949        40.027479903715118     
   1.7362500000000258E-004   313.17747379476867        40.027479898284298     
   1.7387500000000259E-004   313.17747378930540        40.027479892821020     
   1.7412500000000259E-004   313.17747378380972        40.027479887325342     
   1.7437500000000260E-004   313.17747377828164        40.027479881797262     
   1.7462500000000260E-004   313.17747377272116        40.027479876236782     
   1.7487500000000261E-004   313.17747376712822        40.027479870643845     
   1.7512500000000262E-004   313.17747376150282        40.027479865018449     
   1.7537500000000262E-004   313.17747375584497        40.027479859360596     
   1.7562500000000263E-004   313.17747375015472        40.027479853670343     
   1.7587500000000264E-004   313.17747374443206        40.027479847947689     
   1.7612500000000264E-004   313.17747373867701        40.027479842192633     
   1.7637500000000265E-004   313.17747373288955        40.027479836405178     
   1.7662500000000265E-004   313.17747372706970        40.027479830585321     
   1.7687500000000266E-004   313.17747372121744        40.027479824733064     
   1.7712500000000267E-004   313.17747371533278        40.027479818848406     
   1.7737500000000267E-004   313.17747370941566        40.027479812931290     
   1.7762500000000268E-004   313.17747370346615        40.027479806981773     
   1.7787500000000268E-004   313.17747369748429        40.027479800999913     
   1.7812500000000269E-004   313.17747369147003        40.027479794985652     
   1.7837500000000270E-004   313.17747368542337        40.027479788938990     
   1.7862500000000270E-004   313.17747367934436        40.027479782859984     
   1.7887500000000271E-004   313.17747367323290        40.027479776748521     
   1.7912500000000271E-004   313.17747366708909        40.027479770604714     
   1.7937500000000272E-004   313.17747366091288        40.027479764428506     
   1.7962500000000273E-004   313.17747365470433        40.027479758219954     
   1.7987500000000273E-004   313.17747364846338        40.027479751979001     
   1.8012500000000274E-004   313.17747364219008        40.027479745705705     
   1.8037500000000274E-004   313.17747363588438        40.027479739400007     
   1.8062500000000275E-004   313.17747362954623        40.027479733061853     
   1.8087500000000276E-004   313.17747362317573        40.027479726691354     
   1.8112500000000276E-004   313.17747361677289        40.027479720288511     
   1.8137500000000277E-004   313.17747361033770        40.027479713853324     
   1.8162500000000277E-004   313.17747360387011        40.027479707385737     
   1.8187500000000278E-004   313.17747359737018        40.027479700885806     
   1.8212500000000279E-004   313.17747359083785        40.027479694353474     
   1.8237500000000279E-004   313.17747358427317        40.027479687788798     
   1.8262500000000280E-004   313.17747357767610        40.027479681191721     
   1.8287500000000281E-004   313.17747357104668        40.027479674562301     
   1.8312500000000281E-004   313.17747356438491        40.027479667900536     
   1.8337500000000282E-004   313.17747355769080        40.027479661206428     
   1.8362500000000282E-004   313.17747355096441        40.027479654480032     
   1.8387500000000283E-004   313.17747354420567        40.027479647721293     
   1.8412500000000284E-004   313.17747353741453        40.027479640930153     
   1.8437500000000284E-004   313.17747353059104        40.027479634106669     
   1.8462500000000285E-004   313.17747352373522        40.027479627250841     
   1.8487500000000285E-004   313.17747351684704        40.027479620362669     
   1.8512500000000286E-004   313.17747350992653        40.027479613442154     
   1.8537500000000287E-004   313.17747350297373        40.027479606489351     
   1.8562500000000287E-004   313.17747349598858        40.027479599504204     
   1.8587500000000288E-004   313.17747348897109        40.027479592486713     
   1.8612500000000288E-004   313.17747348192125        40.027479585436879     
   1.8637500000000289E-004   313.17747347483913        40.027479578354757     
   1.8662500000000290E-004   313.17747346772461        40.027479571240235     
   1.8687500000000290E-004   313.17747346057780        40.027479564093426     
   1.8712500000000291E-004   313.17747345339865        40.027479556914273     
   1.8737500000000291E-004   313.17747344618721        40.027479549702832     
   1.8762500000000292E-004   313.17747343894348        40.027479542459105     
   1.8787500000000293E-004   313.17747343166741        40.027479535183033     
   1.8812500000000293E-004   313.17747342435905        40.027479527874675     
   1.8837500000000294E-004   313.17747341701840        40.027479520534030     
   1.8862500000000295E-004   313.17747340964536        40.027479513160984     
   1.8887500000000295E-004   313.17747340224003        40.027479505755650     
   1.8912500000000296E-004   313.17747339480235        40.027479498317973     
   1.8937500000000296E-004   313.17747338733244        40.027479490848066     
   1.8962500000000297E-004   313.17747337983019        40.027479483345815     
   1.8987500000000298E-004   313.17747337229571        40.027479475811333     
   1.9012500000000298E-004   313.17747336472894        40.027479468244564     
   1.9037500000000299E-004   313.17747335712988        40.027479460645509     
   1.9062500000000299E-004   313.17747334949854        40.027479453014166     
   1.9087500000000300E-004   313.17747334183491        40.027479445350536     
   1.9112500000000301E-004   313.17747333413899        40.027479437654620     
   1.9137500000000301E-004   313.17747332641079        40.027479429926416     
   1.9162500000000302E-004   313.17747331865030        40.027479422165925     
   1.9187500000000302E-004   313.17747331085758        40.027479414373204     
   1.9212500000000303E-004   313.17747330303257        40.027479406548196     
   1.9237500000000304E-004   313.17747329517528        40.027479398690900     
   1.9262500000000304E-004   313.17747328728569        40.027479390801318     
   1.9287500000000305E-004   313.17747327936388        40.027479382879505     
   1.9312500000000305E-004   313.17747327140978        40.027479374925406     
   1.9337500000000306E-004   313.17747326342345        40.027479366939076     
   1.9362500000000307E-004   313.17747325540483        40.027479358920459     
   1.9387500000000307E-004   313.17747324735393        40.027479350869555     
   1.9412500000000308E-004   313.17747323927085        40.027479342786478     
   1.9437500000000308E-004   313.17747323115543        40.027479334671057     
   1.9462500000000309E-004   313.17747322300778        40.027479326523405     
   1.9487500000000310E-004   313.17747321482790        40.027479318343524     
   1.9512500000000310E-004   313.17747320661579        40.027479310131412     
   1.9537500000000311E-004   313.17747319837144        40.027479301887070     
   1.9562500000000312E-004   313.17747319009487        40.027479293610497     
   1.9587500000000312E-004   313.17747318178601        40.027479285301638     
   1.9612500000000313E-004   313.17747317344492        40.027479276960548     
   1.9637500000000313E-004   313.17747316507160        40.027479268587228     
   1.9662500000000314E-004   313.17747315666605        40.027479260181678     
   1.9687500000000315E-004   313.17747314822827        40.027479251743898     
   1.9712500000000315E-004   313.17747313975826        40.027479243273888     
   1.9737500000000316E-004   313.17747313125597        40.027479234771590     
   1.9762500000000316E-004   313.17747312272155        40.027479226237176     
   1.9787500000000317E-004   313.17747311415485        40.027479217670475     
   1.9812500000000318E-004   313.17747310555592        40.027479209071544     
   1.9837500000000318E-004   313.17747309692481        40.027479200440439     
   1.9862500000000319E-004   313.17747308826148        40.027479191777104     
   1.9887500000000319E-004   313.17747307956591        40.027479183081539     
   1.9912500000000320E-004   313.17747307083818        40.027479174353800     
   1.9937500000000321E-004   313.17747306207815        40.027479165593775     
   1.9962500000000321E-004   313.17747305328595        40.027479156801576     
   1.9987500000000322E-004   313.17747304446152        40.027479147977147     
   2.0012500000000322E-004   313.17747303560492        40.027479139120544     
   2.0037500000000323E-004   313.17747302671614        40.027479130231768     
   2.0062500000000324E-004   313.17747301779508        40.027479121310705     
   2.0087500000000324E-004   313.17747300884184        40.027479112357469     
   2.0112500000000325E-004   313.17747299985643        40.027479103372059     
   2.0137500000000325E-004   313.17747299083885        40.027479094354476     
   2.0162500000000326E-004   313.17747298178909        40.027479085304719     
   2.0187500000000327E-004   313.17747297270711        40.027479076222733     
   2.0212500000000327E-004   313.17747296359289        40.027479067108516     
   2.0237500000000328E-004   313.17747295444656        40.027479057962182     
   2.0262500000000329E-004   313.17747294526799        40.027479048783619     
   2.0287500000000329E-004   313.17747293605726        40.027479039572881     
   2.0312500000000330E-004   313.17747292681435        40.027479030329971     
   2.0337500000000330E-004   313.17747291753921        40.027479021054830     
   2.0362500000000331E-004   313.17747290823201        40.027479011747630     
   2.0387500000000332E-004   313.17747289889257        40.027479002408199     
   2.0412500000000332E-004   313.17747288952097        40.027478993036596     
   2.0437500000000333E-004   313.17747288011719        40.027478983632818     
   2.0462500000000333E-004   313.17747287068124        40.027478974196868     
   2.0487500000000334E-004   313.17747286121318        40.027478964728800     
   2.0512500000000335E-004   313.17747285171293        40.027478955228560     
   2.0537500000000335E-004   313.17747284218046        40.027478945696089     
   2.0562500000000336E-004   313.17747283261588        40.027478936131502     
   2.0587500000000336E-004   313.17747282301912        40.027478926534741     
   2.0612500000000337E-004   313.17747281339024        40.027478916905864     
   2.0637500000000338E-004   313.17747280372919        40.027478907244813     
   2.0662500000000338E-004   313.17747279403596        40.027478897551589     
   2.0687500000000339E-004   313.17747278431062        40.027478887826248     
   2.0712500000000339E-004   313.17747277455317        40.027478878068791     
   2.0737500000000340E-004   313.17747276476354        40.027478868279161     
   2.0762500000000341E-004   313.17747275494179        40.027478858457414     
   2.0787500000000341E-004   313.17747274508787        40.027478848603494     
   2.0812500000000342E-004   313.17747273520177        40.027478838717400     
   2.0837500000000343E-004   313.17747272528362        40.027478828799246     
   2.0862500000000343E-004   313.17747271533329        40.027478818848920     
   2.0887500000000344E-004   313.17747270535085        40.027478808866476     
   2.0912500000000344E-004   313.17747269533629        40.027478798851917     
   2.0937500000000345E-004   313.17747268528956        40.027478788805183     
   2.0962500000000346E-004   313.17747267521077        40.027478778726390     
   2.0987500000000346E-004   313.17747266509980        40.027478768615424     
   2.1012500000000347E-004   313.17747265495672        40.027478758472341     
   2.1037500000000347E-004   313.17747264478152        40.027478748297142     
   2.1062500000000348E-004   313.17747263457420        40.027478738089826     
   2.1087500000000349E-004   313.17747262433477        40.027478727850394     
   2.1112500000000349E-004   313.17747261406328        40.027478717578902     
   2.1137500000000350E-004   313.17747260375961        40.027478707275236     
   2.1162500000000350E-004   313.17747259342383        40.027478696939454     
   2.1187500000000351E-004   313.17747258305599        40.027478686571612     
   2.1212500000000352E-004   313.17747257265603        40.027478676171654     
   2.1237500000000352E-004   313.17747256222395        40.027478665739579     
   2.1262500000000353E-004   313.17747255175976        40.027478655275388     
   2.1287500000000353E-004   313.17747254126346        40.027478644779080     
   2.1312500000000354E-004   313.17747253073509        40.027478634250713     
   2.1337500000000355E-004   313.17747252017466        40.027478623690286     
   2.1362500000000355E-004   313.17747250958212        40.027478613097742     
   2.1387500000000356E-004   313.17747249895746        40.027478602473082     
   2.1412500000000356E-004   313.17747248830079        40.027478591816418     
   2.1437500000000357E-004   313.17747247761196        40.027478581127582     
   2.1462500000000358E-004   313.17747246689106        40.027478570406686     
   2.1487500000000358E-004   313.17747245613810        40.027478559653730     
   2.1512500000000359E-004   313.17747244535309        40.027478548868714     
   2.1537500000000360E-004   313.17747243453601        40.027478538051639     
   2.1562500000000360E-004   313.17747242368682        40.027478527202447     
   2.1587500000000361E-004   313.17747241280551        40.027478516321139     
   2.1612500000000361E-004   313.17747240189215        40.027478505407771     
   2.1637500000000362E-004   313.17747239094672        40.027478494462343     
   2.1662500000000363E-004   313.17747237996923        40.027478483484856     
   2.1687500000000363E-004   313.17747236895974        40.027478472475366     
   2.1712500000000364E-004   313.17747235791813        40.027478461433759     
   2.1737500000000364E-004   313.17747234684447        40.027478450360093     
   2.1762500000000365E-004   313.17747233573874        40.027478439254367     
   2.1787500000000366E-004   313.17747232460096        40.027478428116581     
   2.1812500000000366E-004   313.17747231343117        40.027478416946792     
   2.1837500000000367E-004   313.17747230222926        40.027478405744887     
   2.1862500000000367E-004   313.17747229099530        40.027478394510922     
   2.1887500000000368E-004   313.17747227972933        40.027478383244954     
   2.1912500000000369E-004   313.17747226843130        40.027478371946927     
   2.1937500000000369E-004   313.17747225710127        40.027478360616897     
   2.1962500000000370E-004   313.17747224573912        40.027478349254750     
   2.1987500000000370E-004   313.17747223434498        40.027478337860600     
   2.2012500000000371E-004   313.17747222291877        40.027478326434391     
   2.2037500000000372E-004   313.17747221146055        40.027478314976179     
   2.2062500000000372E-004   313.17747219997028        40.027478303485907     
   2.2087500000000373E-004   313.17747218844801        40.027478291963632     
   2.2112500000000374E-004   313.17747217689367        40.027478280409298     
   2.2137500000000374E-004   313.17747216530739        40.027478268823018     
   2.2162500000000375E-004   313.17747215368900        40.027478257204621     
   2.2187500000000375E-004   313.17747214203860        40.027478245554221     
   2.2212500000000376E-004   313.17747213035619        40.027478233871818     
   2.2237500000000377E-004   313.17747211864173        40.027478222157356     
   2.2262500000000377E-004   313.17747210689532        40.027478210410948     
   2.2287500000000378E-004   313.17747209511685        40.027478198632480     
   2.2312500000000378E-004   313.17747208330638        40.027478186822009     
   2.2337500000000379E-004   313.17747207146391        40.027478174979535     
   2.2362500000000380E-004   313.17747205958943        40.027478163105059     
   2.2387500000000380E-004   313.17747204768295        40.027478151198579     
   2.2412500000000381E-004   313.17747203574442        40.027478139260040     
   2.2437500000000381E-004   313.17747202377393        40.027478127289555     
   2.2462500000000382E-004   313.17747201177144        40.027478115287067     
   2.2487500000000383E-004   313.17747199973695        40.027478103252577     
   2.2512500000000383E-004   313.17747198767046        40.027478091186083     
   2.2537500000000384E-004   313.17747197557196        40.027478079087587     
   2.2562500000000384E-004   313.17747196344146        40.027478066957087     
   2.2587500000000385E-004   313.17747195127902        40.027478054794642     
   2.2612500000000386E-004   313.17747193908457        40.027478042600194     
   2.2637500000000386E-004   313.17747192685817        40.027478030373800     
   2.2662500000000387E-004   313.17747191459972        40.027478018115346     
   2.2687500000000387E-004   313.17747190230932        40.027478005824946     
   2.2712500000000388E-004   313.17747188998692        40.027477993502544     
   2.2737500000000389E-004   313.17747187763257        40.027477981148195     
   2.2762500000000389E-004   313.17747186524628        40.027477968761900     
   2.2787500000000390E-004   313.17747185282792        40.027477956343546     
   2.2812500000000391E-004   313.17747184037762        40.027477943893246     
   2.2837500000000391E-004   313.17747182789537        40.027477931410999     
   2.2862500000000392E-004   313.17747181538118        40.027477918896807     
   2.2887500000000392E-004   313.17747180283504        40.027477906350668     
   2.2912500000000393E-004   313.17747179025685        40.027477893772470     
   2.2937500000000394E-004   313.17747177764670        40.027477881162326     
   2.2962500000000394E-004   313.17747176500461        40.027477868520236     
   2.2987500000000395E-004   313.17747175233058        40.027477855846200     
   2.3012500000000395E-004   313.17747173962459        40.027477843140218     
   2.3037500000000396E-004   313.17747172688667        40.027477830402290     
   2.3062500000000397E-004   313.17747171411679        40.027477817632416     
   2.3087500000000397E-004   313.17747170131497        40.027477804830596     
   2.3112500000000398E-004   313.17747168848121        40.027477791996830     
   2.3137500000000398E-004   313.17747167561549        40.027477779131118     
   2.3162500000000399E-004   313.17747166271783        40.027477766233460     
   2.3187500000000400E-004   313.17747164978823        40.027477753303856     
   2.3212500000000400E-004   313.17747163682668        40.027477740342306     
   2.3237500000000401E-004   313.17747162383324        40.027477727348867     
   2.3262500000000401E-004   313.17747161080786        40.027477714323481     
   2.3287500000000402E-004   313.17747159775047        40.027477701266093     
   2.3312500000000403E-004   313.17747158466125        40.027477688176873     
   2.3337500000000403E-004   313.17747157154002        40.027477675055650     
   2.3362500000000404E-004   313.17747155838691        40.027477661902537     
   2.3387500000000404E-004   313.17747154520191        40.027477648717536     
   2.3412500000000405E-004   313.17747153198491        40.027477635500532     
   2.3437500000000406E-004   313.17747151873607        40.027477622251695     
   2.3462500000000406E-004   313.17747150545529        40.027477608970912     
   2.3487500000000407E-004   313.17747149214256        40.027477595658183     
   2.3512500000000408E-004   313.17747148538643        40.027477588902059     
   2.3537500000000408E-004   313.17747148521875        40.027477588734371     
   2.3562500000000409E-004   313.17747148505094        40.027477588566569     
   2.3587500000000409E-004   313.17747148488309        40.027477588398710     
   2.3612500000000410E-004   313.17747148471511        40.027477588230738     
   2.3637500000000411E-004   313.17747148454708        40.027477588062709     
   2.3662500000000411E-004   313.17747148437900        40.027477587894623     
   2.3687500000000412E-004   313.17747148421080        40.027477587726423     
   2.3712500000000412E-004   313.17747148404254        40.027477587558167     
   2.3737500000000413E-004   313.17747148387417        40.027477587389797     
   2.3762500000000414E-004   313.17747148370574        40.027477587221370     
   2.3787500000000414E-004   313.17747148353720        40.027477587052829     
   2.3812500000000415E-004   313.17747148336861        40.027477586884231     
   2.3837500000000415E-004   313.17747148319989        40.027477586715520     
   2.3862500000000416E-004   313.17747148303113        40.027477586546752     
   2.3887500000000417E-004   313.17747148286230        40.027477586377927     
   2.3912500000000417E-004   313.17747148269336        40.027477586208988     
   2.3937500000000418E-004   313.17747148252437        40.027477586039993     
   2.3962500000000418E-004   313.17747148235526        40.027477585870884     
   2.3987500000000419E-004   313.17747148218609        40.027477585701718     
   2.4012500000000420E-004   313.17747148201681        40.027477585532438     
   2.4037500000000420E-004   313.17747148184748        40.027477585363101     
   2.4062500000000421E-004   313.17747148167808        40.027477585193708     
   2.4087500000000422E-004   313.17747148150858        40.027477585024201     
   2.4112500000000422E-004   313.17747148133901        40.027477584854637     
   2.4137500000000423E-004   313.17747148116933        40.027477584684959     
   2.4162500000000423E-004   313.17747148099960        40.027477584515225     
   2.4187500000000424E-004   313.17747148082975        40.027477584345377     
   2.4212500000000425E-004   313.17747148065985        40.027477584175472     
   2.4237500000000425E-004   313.17747148048983        40.027477584005453     
   2.4262500000000426E-004   313.17747148031975        40.027477583835378     
   2.4287500000000426E-004   313.17747148014962        40.027477583665245     
   2.4312500000000427E-004   313.17747147997937        40.027477583494999     
   2.4337500000000428E-004   313.17747147980907        40.027477583324696     
   2.4362500000000428E-004   313.17747147963865        40.027477583154280     
   2.4387500000000429E-004   313.17747147946818        40.027477582983806     
   2.4412500000000429E-004   313.17747147929759        40.027477582813219     
   2.4437500000000430E-004   313.17747147912695        40.027477582642575     
   2.4462500000000428E-004   313.17747147895619        40.027477582471818     
   2.4487500000000426E-004   313.17747147878538        40.027477582301003     
   2.4512500000000424E-004   313.17747147861451        40.027477582130132     
   2.4537500000000422E-004   313.17747147844352        40.027477581959147     
   2.4562500000000420E-004   313.17747147827248        40.027477581788105     
   2.4587500000000417E-004   313.17747147810132        40.027477581616949     
   2.4612500000000415E-004   313.17747147793011        40.027477581445737     
   2.4637500000000413E-004   313.17747147775879        40.027477581274411     
   2.4662500000000411E-004   313.17747147758740        40.027477581103028     
   2.4687500000000409E-004   313.17747147741596        40.027477580931588     
   2.4712500000000407E-004   313.17747147724441        40.027477580760035     
   2.4737500000000405E-004   313.17747147707280        40.027477580588425     
   2.4762500000000403E-004   313.17747147690108        40.027477580416701     
   2.4787500000000401E-004   313.17747147672929        40.027477580244920     
   2.4812500000000398E-004   313.17747147655740        40.027477580073025     
   2.4837500000000396E-004   313.17747147638545        40.027477579901074     
   2.4862500000000394E-004   313.17747147621338        40.027477579729009     
   2.4887500000000392E-004   313.17747147604126        40.027477579556887     
   2.4912500000000390E-004   313.17747147586908        40.027477579384708     
   2.4937500000000388E-004   313.17747147569679        40.027477579212416     
   2.4962500000000386E-004   313.17747147552444        40.027477579040067     
   2.4987500000000384E-004   313.17747147535198        40.027477578867604     
