 # X(m)   T(K)   T(C)
   1.2500000000000001E-005   319.18318767692108        46.033187676921102     
   3.7500000000000003E-005   319.19010385912480        46.040103859124827     
   6.2500000000000001E-005   319.19701348868892        46.047013488688947     
   8.7499999999999999E-005   319.20391656561350        46.053916565613520     
   1.1250000000000001E-004   319.21081308989858        46.060813089898602     
   1.3750000000000001E-004   319.21770306154406        46.067703061544080     
   1.6250000000000002E-004   319.22458648054993        46.074586480549954     
   1.8750000000000000E-004   319.23146334691620        46.081463346916223     
   2.1250000000000002E-004   319.23833366064298        46.088333660643002     
   2.3750000000000000E-004   319.24519742173015        46.095197421730177     
   2.6250000000000004E-004   319.25205463017784        46.102054630177861     
   2.8750000000000000E-004   319.25890528598597        46.108905285985998     
   3.1250000000000001E-004   319.26574938915456        46.115749389154587     
   3.3750000000000002E-004   319.27258693968355        46.122586939683572     
   3.6250000000000003E-004   319.27941793757299        46.129417937573010     
   3.8750000000000004E-004   319.28624238282288        46.136242382822900     
   4.1250000000000000E-004   319.29306027543316        46.143060275433186     
   4.3750000000000001E-004   319.29987161540390        46.149871615403924     
   4.6250000000000002E-004   319.30667640273504        46.156676402735059     
   4.8750000000000003E-004   319.31347463742662        46.163474637426646     
   5.1250000000000004E-004   319.32026631947861        46.170266319478628     
   5.3750000000000000E-004   319.32705144889110        46.177051448891120     
   5.6250000000000007E-004   319.33383002566404        46.183830025664065     
   5.8750000000000002E-004   319.34060204979744        46.190602049797462     
   6.1249999999999998E-004   319.34736752129123        46.197367521291255     
   6.3750000000000005E-004   319.35412644014548        46.204126440145501     
   6.6250000000000000E-004   319.36087880636012        46.210878806360142     
   6.8750000000000007E-004   319.36762461993521        46.217624619935236     
   7.1250000000000003E-004   319.37436388087076        46.224363880870783     
   7.3749999999999998E-004   319.38109658916676        46.231096589166782     
   7.6250000000000005E-004   319.38782274482321        46.237822744823234     
   7.8750000000000001E-004   319.39454234784006        46.244542347840081     
   8.1250000000000007E-004   319.40125539821730        46.251255398217324     
   8.3750000000000003E-004   319.40796189595500        46.257961895955020     
   8.6250000000000009E-004   319.41466184105315        46.264661841053169     
   8.8750000000000005E-004   319.42135523351175        46.271355233511770     
   9.1250000000000001E-004   319.42804207333074        46.278042073330766     
   9.3750000000000007E-004   319.43472236051019        46.284722360510216     
   9.6250000000000003E-004   319.44139609505004        46.291396095050061     
   9.8750000000000010E-004   319.44806327695034        46.298063276950359     
   1.0124999999999999E-003   319.45472390621114        46.304723906211166     
   1.0375000000000000E-003   319.46137798283240        46.311377982832425     
   1.0625000000000001E-003   319.46802550681406        46.318025506814081     
   1.0875000000000001E-003   319.47466647815622        46.324666478156246     
   1.1125000000000000E-003   319.48130089685884        46.331300896858863     
   1.1375000000000001E-003   319.48792876292180        46.337928762921820     
   1.1625000000000001E-003   319.49455007634521        46.344550076345229     
   1.1875000000000000E-003   319.50116483712907        46.351164837129090     
   1.2125000000000000E-003   319.50777304527332        46.357773045273348     
   1.2375000000000001E-003   319.51437470077803        46.364374700778058     
   1.2625000000000002E-003   319.52096980364325        46.370969803643277     
   1.2875000000000000E-003   319.52755835386887        46.377558353868892     
   1.3125000000000001E-003   319.53414035145488        46.384140351454903     
   1.3375000000000001E-003   319.54071579640134        46.390715796401366     
   1.3625000000000000E-003   319.54728468870826        46.397284688708282     
   1.3875000000000001E-003   319.55384702837557        46.403847028375594     
   1.4125000000000001E-003   319.56040281540334        46.410402815403359     
   1.4375000000000000E-003   319.56695204979155        46.416952049791576     
   1.4625000000000000E-003   319.57349473154022        46.423494731540245     
   1.4875000000000001E-003   319.58003086064934        46.430030860649367     
   1.5125000000000002E-003   319.58656043711898        46.436560437118999     
   1.5375000000000000E-003   319.59308346094906        46.443083460949083     
   1.5625000000000001E-003   319.59959993213954        46.449599932139563     
   1.5875000000000002E-003   319.60610985069047        46.456109850690495     
   1.6125000000000000E-003   319.61261321660180        46.462613216601824     
   1.6375000000000001E-003   319.61911002987358        46.469110029873605     
   1.6625000000000001E-003   319.62560029050582        46.475600290505838     
   1.6875000000000000E-003   319.63208399849844        46.482083998498467     
   1.7125000000000000E-003   319.63856115385153        46.488561153851549     
   1.7375000000000001E-003   319.64503175656506        46.495031756565083     
   1.7625000000000002E-003   319.65149580663905        46.501495806639070     
   1.7875000000000000E-003   319.65795330407349        46.507953304073510     
   1.8125000000000001E-003   319.66440424886832        46.514404248868345     
   1.8375000000000002E-003   319.67084864102361        46.520848641023633     
   1.8625000000000000E-003   319.67728648053935        46.527286480539374     
   1.8875000000000001E-003   319.68371776741554        46.533717767415567     
   1.9125000000000001E-003   319.69014250165219        46.540142501652213     
   1.9375000000000000E-003   319.69656068324917        46.546560683249197     
   1.9625000000000003E-003   319.70297231220667        46.552972312206691     
   1.9875000000000001E-003   319.70937738852456        46.559377388524581     
   2.0125000000000000E-003   319.71577591220296        46.565775912202980     
   2.0375000000000002E-003   319.72216788324181        46.572167883241832     
   2.0625000000000001E-003   319.72855330164106        46.578553301641080     
   2.0874999999999999E-003   319.73493216740076        46.584932167400780     
   2.1125000000000002E-003   319.74130448052085        46.591304480520876     
   2.1375000000000001E-003   319.74767024100140        46.597670241001424     
   2.1624999999999999E-003   319.75402944884246        46.604029448842482     
   2.1875000000000002E-003   319.76038210404391        46.610382104043936     
   2.2125000000000001E-003   319.76672820660588        46.616728206605899     
   2.2374999999999999E-003   319.77306775652829        46.623067756528314     
   2.2625000000000002E-003   319.77940075381110        46.629400753811126     
   2.2875000000000000E-003   319.78572719845431        46.635727198454333     
   2.3125000000000003E-003   319.79204709045803        46.642047090458050     
   2.3375000000000002E-003   319.79836042982208        46.648360429822105     
   2.3625000000000000E-003   319.80466721654659        46.654667216546613     
   2.3875000000000003E-003   319.81096745063155        46.660967450631574     
   2.4125000000000001E-003   319.81726113207691        46.667261132076931     
   2.4375000000000000E-003   319.82354826088272        46.673548260882740     
   2.4625000000000003E-003   319.82982883704898        46.679828837049001     
   2.4875000000000001E-003   319.83610286057564        46.686102860575659     
   2.5125000000000000E-003   319.84237033146275        46.692370331462769     
   2.5375000000000003E-003   319.84863124971025        46.698631249710274     
   2.5625000000000001E-003   319.85488561531821        46.704885615318233     
   2.5875000000000000E-003   319.86113342828656        46.711133428286587     
   2.6125000000000002E-003   319.86737468861531        46.717374688615337     
   2.6375000000000001E-003   319.87360939630457        46.723609396304596     
   2.6624999999999999E-003   319.87983755135423        46.729837551354251     
   2.6875000000000002E-003   319.88605915376439        46.736059153764415     
   2.7125000000000001E-003   319.89227420353501        46.742274203535032     
   2.7374999999999999E-003   319.89848270066602        46.748482700666045     
   2.7625000000000002E-003   319.90468464515749        46.754684645157511     
   2.7875000000000000E-003   319.91088003700935        46.760880037009372     
   2.8125000000000003E-003   319.91706887622166        46.767068876221686     
   2.8375000000000002E-003   319.92325116279443        46.773251162794452     
   2.8625000000000000E-003   319.92942689672759        46.779426896727614     
   2.8875000000000003E-003   319.93559607802121        46.785596078021229     
   2.9125000000000002E-003   319.94175870667522        46.791758706675239     
   2.9375000000000000E-003   319.94791478268968        46.797914782689702     
   2.9625000000000003E-003   319.95406430606454        46.804064306064561     
   2.9875000000000001E-003   319.96020727679979        46.810207276799815     
   3.0125000000000000E-003   319.96634369489544        46.816343694895465     
   3.0375000000000003E-003   319.97247356035155        46.822473560351568     
   3.0625000000000001E-003   319.97859687316810        46.828596873168124     
   3.0875000000000000E-003   319.98471363334511        46.834713633345132     
   3.1125000000000002E-003   319.99082384088257        46.840823840882592     
   3.1375000000000001E-003   319.99692749578043        46.846927495780449     
   3.1624999999999999E-003   320.00302459803873        46.853024598038758     
   3.1875000000000002E-003   320.00911514765744        46.859115147657462     
   3.2125000000000001E-003   320.01519914463660        46.865199144636620     
   3.2375000000000004E-003   320.02127658897615        46.871276588976173     
   3.2625000000000002E-003   320.02734748067621        46.877347480676235     
   3.2875000000000001E-003   320.03341181973667        46.883411819736693     
   3.3125000000000003E-003   320.03946960615758        46.889469606157604     
   3.3375000000000002E-003   320.04552083993894        46.895520839938968     
   3.3625000000000000E-003   320.05156552108070        46.901565521080727     
   3.3875000000000003E-003   320.05760364958286        46.907603649582882     
   3.4125000000000002E-003   320.06363522544547        46.913635225445489     
   3.4375000000000000E-003   320.06966024866853        46.919660248668549     
   3.4625000000000003E-003   320.07567871925204        46.925678719252062     
   3.4875000000000001E-003   320.08169063719595        46.931690637195970     
   3.5125000000000000E-003   320.08769600250025        46.937696002500275     
   3.5375000000000003E-003   320.09369481516495        46.943694815164974     
   3.5625000000000001E-003   320.09968707519010        46.949687075190127     
   3.5875000000000000E-003   320.10567278257571        46.955672782575732     
   3.6125000000000003E-003   320.11165193732177        46.961651937321790     
   3.6375000000000001E-003   320.11762453942828        46.967624539428300     
   3.6625000000000004E-003   320.12359058889524        46.973590588895263     
   3.6875000000000002E-003   320.12955008572260        46.979550085722622     
   3.7125000000000001E-003   320.13550302991041        46.985503029910433     
   3.7375000000000004E-003   320.14144942145867        46.991449421458697     
   3.7625000000000002E-003   320.14738926036739        46.997389260367413     
   3.7875000000000001E-003   320.15332254663656        47.003322546636582     
   3.8125000000000004E-003   320.15924928026612        47.009249280266147     
   3.8375000000000002E-003   320.16516946125608        47.015169461256107     
   3.8625000000000000E-003   320.17108308960650        47.021083089606520     
   3.8875000000000003E-003   320.17699016531736        47.026990165317386     
   3.9125000000000002E-003   320.18289068838868        47.032890688388704     
   3.9375000000000000E-003   320.18878465882045        47.038784658820475     
   3.9624999999999999E-003   320.19467207661268        47.044672076612699     
   3.9875000000000006E-003   320.20055294176535        47.050552941765375     
   4.0125000000000004E-003   320.20642725427842        47.056427254278447     
   4.0375000000000003E-003   320.21229501415195        47.062295014151971     
   4.0625000000000001E-003   320.21815622138587        47.068156221385891     
   4.0875000000000000E-003   320.22401087598024        47.074010875980264     
   4.1124999999999998E-003   320.22985897793501        47.079858977935032     
   4.1375000000000006E-003   320.23570052725017        47.085700527250197     
   4.1625000000000004E-003   320.24153552392579        47.091535523925813     
   4.1875000000000002E-003   320.24736396796186        47.097363967961883     
   4.2125000000000001E-003   320.25318585935838        47.103185859358405     
   4.2374999999999999E-003   320.25900119811530        47.109001198115322     
   4.2624999999999998E-003   320.26480998423267        47.114809984232693     
   4.2875000000000005E-003   320.27061221771049        47.120612217710516     
   4.3125000000000004E-003   320.27640789854871        47.126407898548734     
   4.3375000000000002E-003   320.28219702674744        47.132197026747463     
   4.3625000000000001E-003   320.28797960230656        47.137979602306586     
   4.3874999999999999E-003   320.29375562522614        47.143755625226163     
   4.4125000000000006E-003   320.29952509550611        47.149525095506135     
   4.4375000000000005E-003   320.30528801314654        47.155288013146560     
   4.4625000000000003E-003   320.31104437814736        47.161044378147380     
   4.4875000000000002E-003   320.31679419050863        47.166794190508654     
   4.5125000000000000E-003   320.32253745023036        47.172537450230379     
   4.5374999999999999E-003   320.32827415731248        47.178274157312501     
   4.5625000000000006E-003   320.33400431175505        47.184004311755075     
   4.5875000000000004E-003   320.33972791355808        47.189727913558102     
   4.6125000000000003E-003   320.34544496272156        47.195444962721581     
   4.6375000000000001E-003   320.35115545924555        47.201155459245570     
   4.6625000000000000E-003   320.35685940312993        47.206859403129954     
   4.6874999999999998E-003   320.36255679437477        47.212556794374791     
   4.7125000000000005E-003   320.36824763298006        47.218247632980081     
   4.7375000000000004E-003   320.37393191894586        47.223931918945880     
   4.7625000000000002E-003   320.37960965227205        47.229609652272075     
   4.7875000000000001E-003   320.38528083295876        47.235280832958779     
   4.8124999999999999E-003   320.39094546100586        47.240945461005879     
   4.8375000000000007E-003   320.39660353641341        47.246603536413431     
   4.8625000000000005E-003   320.40225505918136        47.252255059181380     
   4.8875000000000004E-003   320.40790002930976        47.257900029309781     
   4.9125000000000002E-003   320.41353844679861        47.263538446798634     
   4.9375000000000000E-003   320.41917031164792        47.269170311647940     
   4.9624999999999999E-003   320.42479562385762        47.274795623857642     
   4.9875000000000006E-003   320.43041438342777        47.280414383427797     
   5.0125000000000005E-003   320.43602659035832        47.286026590358347     
   5.0375000000000003E-003   320.44163224464938        47.291632244649406     
   5.0625000000000002E-003   320.44723134630084        47.297231346300862     
   5.0875000000000000E-003   320.45282389531275        47.302823895312770     
   5.1124999999999999E-003   320.45840989168505        47.308409891685073     
   5.1375000000000006E-003   320.46398933541781        47.313989335417830     
   5.1625000000000004E-003   320.46956222651102        47.319562226511039     
   5.1875000000000003E-003   320.47512856496468        47.325128564964700     
   5.2125000000000001E-003   320.48068835077879        47.330688350778814     
   5.2375000000000000E-003   320.48624158395336        47.336241583953381     
   5.2625000000000007E-003   320.49178826448832        47.341788264488343     
   5.2875000000000005E-003   320.49732839238379        47.347328392383815     
   5.3125000000000004E-003   320.50286196763972        47.352861967639740     
   5.3375000000000002E-003   320.50838899025609        47.358388990256117     
   5.3625000000000001E-003   320.51390946023281        47.363909460232833     
   5.3874999999999999E-003   320.51942337756998        47.369423377570001     
   5.4125000000000006E-003   320.52493074226760        47.374930742267622     
   5.4375000000000005E-003   320.53043155432562        47.380431554325639     
   5.4625000000000003E-003   320.53592581374403        47.385925813744052     
   5.4875000000000002E-003   320.54141352052289        47.391413520522917     
   5.5125000000000000E-003   320.54689467466221        47.396894674662235     
   5.5374999999999999E-003   320.55236927616193        47.402369276161949     
   5.5625000000000006E-003   320.55783732502204        47.407837325022058     
   5.5875000000000005E-003   320.56329882124260        47.413298821242620     
   5.6125000000000003E-003   320.56875376482355        47.418753764823578     
   5.6375000000000001E-003   320.57420215576497        47.424202155764988     
   5.6625000000000000E-003   320.57964399406683        47.429643994066851     
   5.6874999999999998E-003   320.58507927972909        47.435079279729109     
   5.7125000000000006E-003   320.59050801275174        47.440508012751764     
   5.7375000000000004E-003   320.59593019313485        47.445930193134870     
   5.7625000000000003E-003   320.60134582087841        47.451345820878430     
   5.7875000000000001E-003   320.60675489598242        47.456754895982442     
   5.8125000000000000E-003   320.61215741844688        47.462157418446907     
   5.8375000000000007E-003   320.61755338827174        47.467553388271767     
   5.8625000000000005E-003   320.62294280545700        47.472942805457023     
   5.8875000000000004E-003   320.62832567000271        47.478325670002732     
   5.9125000000000002E-003   320.63370198190887        47.483701981908894     
   5.9375000000000001E-003   320.63907174117543        47.489071741175451     
   5.9624999999999999E-003   320.64443494780244        47.494434947802461     
   5.9875000000000006E-003   320.64979160178990        47.499791601789923     
   6.0125000000000005E-003   320.65514170313782        47.505141703137838     
   6.0375000000000003E-003   320.66048525184613        47.510485251846148     
   6.0625000000000002E-003   320.66582224791489        47.515822247914912     
   6.0875000000000000E-003   320.67115269134410        47.521152691344128     
   6.1124999999999999E-003   320.67647658213377        47.526476582133796     
   6.1375000000000006E-003   320.68179392028389        47.531793920283917     
   6.1625000000000004E-003   320.68710470579441        47.537104705794434     
   6.1875000000000003E-003   320.69240893866538        47.542408938665403     
   6.2125000000000001E-003   320.69770661889680        47.547706618896825     
   6.2375000000000000E-003   320.70299774648868        47.552997746488700     
   6.2625000000000007E-003   320.70828232144095        47.558282321440970     
   6.2875000000000006E-003   320.71356034375367        47.563560343753693     
   6.3125000000000004E-003   320.71883181342685        47.568831813426868     
   6.3375000000000003E-003   320.72409673046047        47.574096730460496     
   6.3625000000000001E-003   320.72935509485450        47.579355094854520     
   6.3874999999999999E-003   320.73460690660897        47.584606906608997     
   6.4125000000000007E-003   320.73985216572385        47.589852165723869     
   6.4375000000000005E-003   320.74509087219923        47.595090872199250     
   6.4625000000000004E-003   320.75032302603495        47.600323026034971     
   6.4875000000000002E-003   320.75554862723118        47.605548627231201     
   6.5125000000000001E-003   320.76076767578780        47.610767675787827     
   6.5374999999999999E-003   320.76598017170494        47.615980171704962     
   6.5625000000000006E-003   320.77118611498247        47.621186114982493     
   6.5875000000000005E-003   320.77638550562040        47.626385505620419     
   6.6125000000000003E-003   320.78157834361878        47.631578343618798     
   6.6375000000000002E-003   320.78676462897761        47.636764628977630     
   6.6625000000000000E-003   320.79194436169689        47.641944361696915     
   6.6875000000000007E-003   320.79711754177663        47.647117541776652     
   6.7125000000000006E-003   320.80228416921682        47.652284169216841     
   6.7375000000000004E-003   320.80744424401740        47.657444244017427     
   6.7625000000000003E-003   320.81259776617850        47.662597766178521     
   6.7875000000000001E-003   320.81774473570005        47.667744735700069     
   6.8125000000000000E-003   320.82288515258205        47.672885152582069     
   6.8375000000000007E-003   320.82801901682444        47.678019016824464     
   6.8625000000000005E-003   320.83314632842729        47.683146328427313     
   6.8875000000000004E-003   320.83826708739059        47.688267087390614     
   6.9125000000000002E-003   320.84338129371429        47.693381293714310     
   6.9375000000000001E-003   320.84848894739844        47.698488947398459     
   6.9624999999999999E-003   320.85359004844298        47.703590048443004     
   6.9875000000000007E-003   320.85868459684798        47.708684596848002     
   7.0125000000000005E-003   320.86377259261349        47.713772592613509     
   7.0375000000000004E-003   320.86885403573945        47.718854035739469     
   7.0625000000000002E-003   320.87392892622580        47.723928926225824     
   7.0875000000000000E-003   320.87899726407261        47.728997264072632     
   7.1125000000000008E-003   320.88405904927987        47.734059049279892     
   7.1375000000000006E-003   320.88911428184758        47.739114281847606     
   7.1625000000000005E-003   320.89416296177575        47.744162961775771     
   7.1875000000000003E-003   320.89920508906437        47.749205089064390     
   7.2125000000000002E-003   320.90424066371344        47.754240663713460     
   7.2375000000000000E-003   320.90926968572296        47.759269685722984     
   7.2625000000000007E-003   320.91429215509288        47.764292155092903     
   7.2875000000000006E-003   320.91930807182331        47.769308071823332     
   7.3125000000000004E-003   320.92431743591413        47.774317435914156     
   7.3375000000000003E-003   320.92932024736535        47.779320247365376     
   7.3625000000000001E-003   320.93431650617703        47.784316506177049     
   7.3875000000000000E-003   320.93930621234921        47.789306212349231     
   7.4125000000000007E-003   320.94428936588184        47.794289365881866     
   7.4375000000000005E-003   320.94926596677487        47.799265966774897     
   7.4625000000000004E-003   320.95423601502830        47.804236015028323     
   7.4875000000000002E-003   320.95919951064212        47.809199510642145     
   7.5125000000000001E-003   320.96415645361645        47.814156453616476     
   7.5374999999999999E-003   320.96910684395124        47.819106843951261     
   7.5625000000000006E-003   320.97405068164647        47.824050681646497     
   7.5875000000000005E-003   320.97898796670216        47.828987966702186     
   7.6125000000000003E-003   320.98391869911825        47.833918699118271     
   7.6375000000000002E-003   320.98884287889479        47.838842878894809     
   7.6625000000000000E-003   320.99376050603183        47.843760506031856     
   7.6875000000000008E-003   320.99867158052933        47.848671580529356     
   7.7125000000000006E-003   321.00357610238723        47.853576102387251     
   7.7375000000000005E-003   321.00847407160558        47.858474071605599     
   7.7625000000000003E-003   321.01336548818432        47.863365488184343     
   7.7875000000000002E-003   321.01825035212352        47.868250352123539     
   7.8125000000000000E-003   321.02312866342317        47.873128663423188     
   7.8375000000000007E-003   321.02800042208327        47.878000422083289     
   7.8624999999999997E-003   321.03286562810376        47.882865628103787     
   7.8875000000000004E-003   321.03772428148471        47.887724281484736     
   7.9125000000000011E-003   321.04257638222600        47.892576382226025     
   7.9375000000000001E-003   321.04742193032780        47.897421930327823     
   7.9625000000000008E-003   321.05226092578999        47.902260925790017     
   7.9874999999999998E-003   321.05709336861258        47.907093368612607     
   8.0125000000000005E-003   321.06191925879568        47.911919258795706     
   8.0375000000000012E-003   321.06673859633918        47.916738596339201     
   8.0625000000000002E-003   321.07155138124313        47.921551381243148     
   8.0875000000000009E-003   321.07635761350747        47.926357613507491     
   8.1124999999999999E-003   321.08115729313232        47.931157293132344     
   8.1375000000000006E-003   321.08595042011757        47.935950420117592     
   8.1624999999999996E-003   321.09073699446327        47.940736994463293     
   8.1875000000000003E-003   321.09551701616937        47.945517016169390     
   8.2125000000000010E-003   321.10029048523592        47.950290485235939     
   8.2375000000000000E-003   321.10505740166292        47.955057401662941     
   8.2625000000000007E-003   321.10981776545037        47.959817765450396     
   8.2874999999999997E-003   321.11457157659828        47.964571576598303     
   8.3125000000000004E-003   321.11931883510664        47.969318835106662     
   8.3375000000000012E-003   321.12405954097540        47.974059540975418     
   8.3625000000000001E-003   321.12879369420460        47.978793694204626     
   8.3875000000000009E-003   321.13352129479432        47.983521294794343     
   8.4124999999999998E-003   321.13824234274449        47.988242342744513     
   8.4375000000000006E-003   321.14295683805511        47.992956838055136     
   8.4625000000000013E-003   321.14766478072619        47.997664780726211     
   8.4875000000000003E-003   321.15236617075772        48.002366170757739     
   8.5125000000000010E-003   321.15706100814970        48.007061008149719     
   8.5375000000000000E-003   321.16174929290207        48.011749292902095     
   8.5625000000000007E-003   321.16643102501490        48.016431025014924     
   8.5874999999999996E-003   321.17110620448824        48.021106204488262     
   8.6125000000000004E-003   321.17577483132197        48.025774831321996     
   8.6375000000000011E-003   321.18043690551616        48.030436905516183     
   8.6625000000000001E-003   321.18509242707080        48.035092427070822     
   8.6875000000000008E-003   321.18974139598583        48.039741395985857     
   8.7124999999999998E-003   321.19438381226132        48.044383812261344     
   8.7375000000000005E-003   321.19901967589715        48.049019675897171     
   8.7625000000000012E-003   321.20364898689343        48.053648986893450     
   8.7875000000000002E-003   321.20827174525016        48.058271745250181     
   8.8125000000000009E-003   321.21288795096729        48.062887950967308     
   8.8374999999999999E-003   321.21749760404481        48.067497604044831     
   8.8625000000000006E-003   321.22210070448284        48.072100704482864     
   8.8874999999999996E-003   321.22669725228127        48.076697252281292     
   8.9125000000000003E-003   321.23128724744021        48.081287247440230     
   8.9375000000000010E-003   321.23587068995960        48.085870689959620     
   8.9625000000000000E-003   321.24044757983944        48.090447579839463     
   8.9875000000000007E-003   321.24501791707968        48.095017917079701     
   9.0124999999999997E-003   321.24958170168031        48.099581701680336     
   9.0375000000000004E-003   321.25413893364134        48.104138933641366     
   9.0625000000000011E-003   321.25868961296283        48.108689612962849     
   9.0875000000000001E-003   321.26323373964482        48.113233739644841     
   9.1125000000000008E-003   321.26777131368726        48.117771313687285     
   9.1374999999999998E-003   321.27230233509010        48.122302335090126     
   9.1625000000000005E-003   321.27682680385340        48.126826803853419     
   9.1875000000000012E-003   321.28134471997714        48.131344719977164     
   9.2125000000000002E-003   321.28585608346128        48.135856083461306     
   9.2375000000000009E-003   321.29036089430593        48.140360894305957     
   9.2624999999999999E-003   321.29485915251098        48.144859152511003     
   9.2875000000000006E-003   321.29935085807648        48.149350858076502     
   9.3124999999999996E-003   321.30383601100237        48.153836011002397     
   9.3375000000000003E-003   321.30831461128872        48.158314611288745     
   9.3625000000000010E-003   321.31278665893552        48.162786658935545     
   9.3875000000000000E-003   321.31725215394272        48.167252153942741     
   9.4125000000000007E-003   321.32171109631031        48.171711096310332     
   9.4374999999999997E-003   321.32616348603841        48.176163486038433     
   9.4625000000000004E-003   321.33060932312696        48.180609323126987     
   9.4875000000000011E-003   321.33504860757597        48.185048607575993     
   9.5125000000000001E-003   321.33948133938537        48.189481339385395     
   9.5375000000000008E-003   321.34390751855523        48.193907518555250     
   9.5624999999999998E-003   321.34832714508553        48.198327145085557     
   9.5875000000000005E-003   321.35274021897629        48.202740218976317     
   9.6125000000000013E-003   321.35714674022751        48.207146740227529     
   9.6375000000000002E-003   321.36154670883911        48.211546708839137     
   9.6625000000000009E-003   321.36594012481112        48.215940124811141     
   9.6874999999999999E-003   321.37032698814357        48.220326988143597     
   9.7125000000000006E-003   321.37470729883643        48.224707298836449     
   9.7374999999999996E-003   321.37908105688967        48.229081056889697     
   9.7625000000000003E-003   321.38344826230338        48.233448262303398     
   9.7875000000000011E-003   321.38780891507747        48.237808915077494     
   9.8125000000000000E-003   321.39216301521208        48.242163015212100     
   9.8375000000000008E-003   321.39651056270714        48.246510562707158     
   9.8624999999999997E-003   321.40085155756265        48.250851557562669     
   9.8875000000000005E-003   321.40518599977861        48.255185999778632     
   9.9125000000000012E-003   321.40951388935508        48.259513889355105     
   9.9375000000000002E-003   321.41383522629201        48.263835226292031     
   9.9625000000000009E-003   321.41815001058939        48.268150010589409     
   9.9874999999999999E-003   321.42245824224722        48.272458242247239     
   1.0012500000000001E-002   321.42675992126544        48.276759921265466     
   1.0037500000000001E-002   321.43105504764412        48.281055047644145     
   1.0062500000000000E-002   321.43534362138325        48.285343621383277     
   1.0087500000000001E-002   321.43962564248284        48.289625642482861     
   1.0112500000000000E-002   321.44390111094276        48.293901110942784     
   1.0137500000000001E-002   321.44817002676314        48.298170026763160     
   1.0162500000000000E-002   321.45243238994402        48.302432389944045     
   1.0187500000000000E-002   321.45668820048536        48.306688200485382     
   1.0212500000000001E-002   321.46093745838709        48.310937458387116     
   1.0237500000000000E-002   321.46518016364928        48.315180163649302     
   1.0262500000000001E-002   321.46941631627186        48.319416316271884     
   1.0287500000000000E-002   321.47364591625495        48.323645916254975     
   1.0312500000000000E-002   321.47786896359844        48.327868963598462     
   1.0337500000000001E-002   321.48208545830244        48.332085458302458     
   1.0362500000000000E-002   321.48629540036683        48.336295400366851     
   1.0387500000000001E-002   321.49049878979167        48.340498789791695     
   1.0412500000000000E-002   321.49469562657697        48.344695626576993     
   1.0437500000000001E-002   321.49888591072266        48.348885910722686     
   1.0462500000000001E-002   321.50306964222881        48.353069642228832     
   1.0487500000000000E-002   321.50724682109541        48.357246821095430     
   1.0512500000000001E-002   321.51141744732240        48.361417447322424     
   1.0537500000000000E-002   321.51558152090985        48.365581520909871     
   1.0562500000000001E-002   321.51973904185763        48.369739041857656     
   1.0587500000000000E-002   321.52389001016581        48.373890010165837     
   1.0612500000000000E-002   321.52803442583445        48.378034425834471     
   1.0637500000000001E-002   321.53217228886353        48.382172288863558     
   1.0662500000000000E-002   321.53630359925296        48.386303599252983     
   1.0687500000000001E-002   321.54042835700290        48.390428357002918     
   1.0712500000000000E-002   321.54454656211328        48.394546562113305     
   1.0737500000000001E-002   321.54865821458407        48.398658214584088     
   1.0762500000000001E-002   321.55276331441536        48.402763314415381     
   1.0787500000000000E-002   321.55686186160699        48.406861861607013     
   1.0812500000000001E-002   321.56095385615913        48.410953856159153     
   1.0837500000000000E-002   321.56503929807167        48.415039298071690     
   1.0862500000000001E-002   321.56911818734466        48.419118187344679     
   1.0887500000000001E-002   321.57319052397816        48.423190523978178     
   1.0912500000000000E-002   321.57725630797199        48.427256307972016     
   1.0937500000000001E-002   321.58131553932628        48.431315539326306     
   1.0962500000000000E-002   321.58536821804097        48.435368218040992     
   1.0987500000000001E-002   321.58941434411611        48.439414344116130     
   1.1012500000000000E-002   321.59345391755164        48.443453917551665     
   1.1037500000000000E-002   321.59748693834763        48.447486938347652     
   1.1062500000000001E-002   321.60151340650407        48.451513406504091     
   1.1087500000000000E-002   321.60553332202085        48.455533322020869     
   1.1112500000000001E-002   321.60954668489808        48.459546684898100     
   1.1137500000000000E-002   321.61355349513576        48.463553495135784     
   1.1162500000000001E-002   321.61755375273390        48.467553752733920     
   1.1187500000000001E-002   321.62154745769254        48.471547457692566     
   1.1212500000000000E-002   321.62553461001158        48.475534610011607     
   1.1237500000000001E-002   321.62951520969102        48.479515209691044     
   1.1262500000000000E-002   321.63348925673091        48.483489256730934     
   1.1287500000000001E-002   321.63745675113125        48.487456751131276     
   1.1312500000000001E-002   321.64141769289205        48.491417692892071     
   1.1337500000000000E-002   321.64537208201330        48.495372082013319     
   1.1362500000000001E-002   321.64931991849494        48.499319918494962     
   1.1387500000000000E-002   321.65326120233703        48.503261202337058     
   1.1412500000000001E-002   321.65719593353958        48.507195933539606     
   1.1437500000000000E-002   321.66112411210253        48.511124112102550     
   1.1462500000000000E-002   321.66504573802598        48.515045738026004     
   1.1487500000000001E-002   321.66896081130989        48.518960811309910     
   1.1512500000000000E-002   321.67286933195419        48.522869331954212     
   1.1537500000000001E-002   321.67677129995894        48.526771299958966     
   1.1562500000000000E-002   321.68066671532415        48.530666715324173     
   1.1587500000000001E-002   321.68455557804987        48.534555578049890     
   1.1612500000000001E-002   321.68843788813604        48.538437888136059     
   1.1637500000000000E-002   321.69231364558260        48.542313645582624     
   1.1662500000000001E-002   321.69618285038968        48.546182850389698     
   1.1687500000000000E-002   321.70004550255709        48.550045502557111     
   1.1712500000000001E-002   321.70390160208495        48.553901602084977     
   1.1737500000000001E-002   321.70775114897327        48.557751148973296     
   1.1762500000000000E-002   321.71159414322199        48.561594143222010     
   1.1787500000000001E-002   321.71543058483110        48.565430584831120     
   1.1812500000000000E-002   321.71926047380072        48.569260473800739     
   1.1837500000000001E-002   321.72308381013079        48.573083810130811     
   1.1862500000000000E-002   321.72690059382126        48.576900593821279     
   1.1887500000000000E-002   321.73071082487218        48.580710824872199     
   1.1912500000000001E-002   321.73451450328355        48.584514503283572     
   1.1937500000000000E-002   321.73831162905532        48.588311629055340     
   1.1962500000000001E-002   321.74210220218754        48.592102202187561     
   1.1987500000000000E-002   321.74588622268021        48.595886222680235     
   1.2012500000000001E-002   321.74966369053340        48.599663690533419     
   1.2037500000000001E-002   321.75343460574697        48.603434605746997     
   1.2062500000000000E-002   321.75719896832106        48.607198968321086     
   1.2087500000000001E-002   321.76095677825555        48.610956778255570     
   1.2112500000000000E-002   321.76470803555043        48.614708035550450     
   1.2137500000000001E-002   321.76845274020570        48.618452740205726     
   1.2162500000000001E-002   321.77219089222143        48.622190892221454     
   1.2187500000000000E-002   321.77592249159761        48.625922491597635     
   1.2212500000000001E-002   321.77964753833419        48.629647538334211     
   1.2237500000000000E-002   321.78336603243122        48.633366032431240     
   1.2262500000000001E-002   321.78707797388870        48.637077973888722     
   1.2287500000000000E-002   321.79078336270663        48.640783362706657     
   1.2312500000000001E-002   321.79448219888496        48.644482198884987     
   1.2337500000000001E-002   321.79817448242375        48.648174482423769     
   1.2362500000000000E-002   321.80186021332298        48.651860213323005     
   1.2387500000000001E-002   321.80553939158273        48.655539391582749     
   1.2412500000000000E-002   321.80921201720287        48.659212017202890     
   1.2437500000000001E-002   321.81287809018346        48.662878090183483     
   1.2462500000000001E-002   321.81653761052445        48.666537610524472     
   1.2487500000000000E-002   321.82019057822589        48.670190578225913     
   1.2512500000000001E-002   321.82383699328778        48.673836993287807     
   1.2537500000000000E-002   321.82747685571013        48.677476855710154     
   1.2562500000000001E-002   321.83111016549287        48.681110165492896     
   1.2587500000000001E-002   321.83473692263601        48.684736922636034     
   1.2612500000000000E-002   321.83835712713966        48.688357127139682     
   1.2637500000000001E-002   321.84197077900376        48.691970779003782     
   1.2662500000000000E-002   321.84557787822831        48.695577878228335     
   1.2687500000000001E-002   321.84917842481326        48.699178424813283     
   1.2712500000000000E-002   321.85277241875860        48.702772418758627     
   1.2737500000000001E-002   321.85635986006440        48.706359860064424     
   1.2762500000000001E-002   321.85994074873071        48.709940748730730     
   1.2787500000000000E-002   321.86351508475747        48.713515084757489     
   1.2812500000000001E-002   321.86708286814468        48.717082868144701     
   1.2837500000000000E-002   321.87064409889229        48.720644098892308     
   1.2862500000000001E-002   321.87419877700034        48.724198777000367     
   1.2887500000000001E-002   321.87774690246886        48.727746902468880     
   1.2912500000000000E-002   321.88128847529782        48.731288475297845     
   1.2937500000000001E-002   321.88482349548724        48.734823495487262     
   1.2962500000000000E-002   321.88835196303705        48.738351963037076     
   1.2987500000000001E-002   321.89187387794738        48.741873877947398     
   1.3012500000000000E-002   321.89538924021809        48.745389240218117     
   1.3037500000000000E-002   321.89889804984927        48.748898049849288     
   1.3062500000000001E-002   321.90240030684083        48.752400306840855     
   1.3087500000000000E-002   321.90589601119285        48.755896011192874     
   1.3112500000000001E-002   321.90938516290527        48.759385162905289     
   1.3137500000000000E-002   321.91286776197813        48.762867761978157     
   1.3162500000000001E-002   321.91634380841140        48.766343808411420     
   1.3187500000000001E-002   321.91981330220511        48.769813302205137     
   1.3212500000000000E-002   321.92327624335928        48.773276243359305     
   1.3237500000000001E-002   321.92673263187385        48.776732631873870     
   1.3262500000000000E-002   321.93018246774886        48.780182467748887     
   1.3287500000000001E-002   321.93362575098433        48.783625750984356     
   1.3312500000000001E-002   321.93706248158026        48.787062481580278     
   1.3337500000000000E-002   321.94049265953663        48.790492659536653     
   1.3362500000000001E-002   321.94391628485340        48.793916284853424     
   1.3387500000000000E-002   321.94733335753068        48.797333357530704     
   1.3412500000000001E-002   321.95074387756836        48.800743877568380     
   1.3437500000000000E-002   321.95414784496643        48.804147844966451     
   1.3462500000000001E-002   321.95754525972490        48.807545259724918     
   1.3487500000000001E-002   321.96093612184387        48.810936121843895     
   1.3512500000000000E-002   321.96432043132324        48.814320431323267     
   1.3537500000000001E-002   321.96769818816301        48.817698188163035     
   1.3562500000000000E-002   321.97106939236323        48.821069392363256     
   1.3587500000000001E-002   321.97443404392391        48.824434043923929     
   1.3612500000000001E-002   321.97779214284492        48.827792142844942     
   1.3637500000000000E-002   321.98114368912644        48.831143689126463     
   1.3662500000000001E-002   321.98448868276836        48.834488682768381     
   1.3687500000000000E-002   321.98782712377073        48.837827123770751     
   1.3712500000000001E-002   321.99115901213361        48.841159012133630     
   1.3737500000000001E-002   321.99448434785694        48.844484347856962     
   1.3762500000000000E-002   321.99780313094072        48.847803130940747     
   1.3787500000000001E-002   322.00111536138485        48.851115361384871     
   1.3812500000000000E-002   322.00442103918942        48.854421039189447     
   1.3837500000000001E-002   322.00772016435445        48.857720164354475     
   1.3862500000000000E-002   322.01101273687993        48.861012736879957     
   1.3887500000000001E-002   322.01429875676587        48.864298756765891     
   1.3912500000000001E-002   322.01757822401225        48.867578224012277     
   1.3937500000000000E-002   322.02085113861904        48.870851138619059     
   1.3962500000000001E-002   322.02411750058627        48.874117500586294     
   1.3987500000000000E-002   322.02737730991396        48.877377309913982     
   1.4012500000000001E-002   322.03063056660210        48.880630566602122     
   1.4037500000000001E-002   322.03387727065069        48.883877270650714     
   1.4062500000000000E-002   322.03711742205968        48.887117422059703     
   1.4087500000000001E-002   322.04035102082906        48.890351020829087     
   1.4112500000000000E-002   322.04357806695890        48.893578066958924     
   1.4137500000000001E-002   322.04679856044919        48.896798560449213     
   1.4162500000000001E-002   322.05001250129988        48.900012501299898     
   1.4187500000000000E-002   322.05321988951101        48.903219889511035     
   1.4212500000000001E-002   322.05642072508266        48.906420725082683     
   1.4237500000000000E-002   322.05961500801470        48.909615008014725     
   1.4262500000000001E-002   322.06280273830725        48.912802738307278     
   1.4287500000000000E-002   322.06598391596020        48.915983915960226     
   1.4312500000000001E-002   322.06915854097355        48.919158540973569     
   1.4337500000000001E-002   322.07232661334734        48.922326613347366     
   1.4362500000000000E-002   322.07548813308159        48.925488133081615     
   1.4387500000000001E-002   322.07864310017629        48.928643100176316     
   1.4412500000000000E-002   322.08179151463133        48.931791514631357     
   1.4437500000000001E-002   322.08493337644683        48.934933376446850     
   1.4462500000000001E-002   322.08806868562277        48.938068685622795     
   1.4487500000000000E-002   322.09119744215911        48.941197442159137     
   1.4512500000000001E-002   322.09431964605585        48.944319646055874     
   1.4537500000000000E-002   322.09743529731310        48.947435297313120     
   1.4562500000000001E-002   322.10054439593074        48.950544395930763     
   1.4587500000000002E-002   322.10364694190878        48.953646941908801     
   1.4612500000000000E-002   322.10674293524727        48.956742935247291     
   1.4637500000000001E-002   322.10983237594627        48.959832375946291     
   1.4662500000000000E-002   322.11291526400566        48.962915264005687     
   1.4687500000000001E-002   322.11599159942551        48.965991599425536     
   1.4712500000000000E-002   322.11906138220587        48.969061382205894     
   1.4737500000000001E-002   322.12212461234668        48.972124612346704     
   1.4762500000000001E-002   322.12518128984794        48.975181289847967     
   1.4787500000000000E-002   322.12823141470960        48.978231414709626     
   1.4812500000000001E-002   322.13127498693171        48.981274986931737     
   1.4837500000000000E-002   322.13431200651428        48.984312006514301     
   1.4862500000000001E-002   322.13734247345724        48.987342473457261     
   1.4887500000000001E-002   322.14036638776065        48.990366387760673     
   1.4912500000000000E-002   322.14338374942446        48.993383749424481     
   1.4937500000000001E-002   322.14639455844872        48.996394558448742     
   1.4962500000000000E-002   322.14939881483338        48.999398814833398     
   1.4987500000000001E-002   322.15239651857848        49.002396518578507     
   1.5012500000000002E-002   322.15538766968405        49.005387669684069     
   1.5037500000000001E-002   322.15837226815006        49.008372268150083     
   1.5062500000000001E-002   322.16135031397653        49.011350313976550     
   1.5087500000000000E-002   322.16432180716345        49.014321807163469     
   1.5112500000000001E-002   322.16728674771076        49.017286747710784     
   1.5137500000000000E-002   322.17024513561859        49.020245135618609     
   1.5162500000000001E-002   322.17319697088692        49.023196970886943     
   1.5187500000000001E-002   322.17614225351559        49.026142253515616     
   1.5212500000000000E-002   322.17908098350472        49.029080983504741     
   1.5237500000000001E-002   322.18201316085424        49.032013160854262     
   1.5262500000000000E-002   322.18493878556421        49.034938785564236     
   1.5287500000000001E-002   322.18785785763464        49.037857857634663     
   1.5312500000000001E-002   322.19077037706546        49.040770377065485     
   1.5337500000000000E-002   322.19367634385679        49.043676343856816     
   1.5362500000000001E-002   322.19657575800858        49.046575758008601     
   1.5387500000000000E-002   322.19946861952076        49.049468619520781     
   1.5412500000000001E-002   322.20235492839333        49.052354928393356     
   1.5437500000000002E-002   322.20523468462630        49.055234684626328     
   1.5462500000000001E-002   322.20810788821973        49.058107888219752     
   1.5487500000000001E-002   322.21097453917355        49.060974539173571     
   1.5512500000000000E-002   322.21383463748782        49.063834637487844     
   1.5537500000000001E-002   322.21668818316255        49.066688183162569     
   1.5562500000000000E-002   322.21953517619767        49.069535176197689     
   1.5587500000000001E-002   322.22237561659324        49.072375616593263     
   1.5612500000000001E-002   322.22520950434927        49.075209504349289     
   1.5637500000000002E-002   322.22803683946569        49.078036839465710     
   1.5662499999999999E-002   322.23085762194256        49.080857621942585     
   1.5687500000000000E-002   322.23367185177983        49.083671851779854     
   1.5712500000000001E-002   322.23647952897761        49.086479528977634     
   1.5737500000000001E-002   322.23928065353573        49.089280653535752     
   1.5762500000000002E-002   322.24207522545430        49.092075225454323     
   1.5787499999999999E-002   322.24486324473332        49.094863244733347     
   1.5812500000000000E-002   322.24764471137274        49.097644711372766     
   1.5837500000000001E-002   322.25041962537256        49.100419625372581     
   1.5862500000000002E-002   322.25318798673288        49.103187986732905     
   1.5887500000000002E-002   322.25594979545360        49.105949795453625     
   1.5912500000000000E-002   322.25870505153472        49.108705051534741     
   1.5937500000000000E-002   322.26145375497629        49.111453754976310     
   1.5962500000000001E-002   322.26419590577837        49.114195905778388     
   1.5987500000000002E-002   322.26693150394084        49.116931503940862     
   1.6012500000000002E-002   322.26966054946377        49.119660549463788     
   1.6037500000000000E-002   322.27238304234709        49.122383042347110     
   1.6062500000000000E-002   322.27509898259086        49.125098982590885     
   1.6087500000000001E-002   322.27780837019509        49.127808370195112     
   1.6112500000000002E-002   322.28051120515977        49.130511205159792     
   1.6137499999999999E-002   322.28320748748484        49.133207487484867     
   1.6162500000000000E-002   322.28589721717043        49.135897217170452     
   1.6187500000000000E-002   322.28858039421641        49.138580394216433     
   1.6212500000000001E-002   322.29125701862290        49.141257018622923     
   1.6237500000000002E-002   322.29392709038984        49.143927090389866     
   1.6262499999999999E-002   322.29659060951718        49.146590609517204     
   1.6287500000000000E-002   322.29924757600497        49.149247576004996     
   1.6312500000000001E-002   322.30189798985322        49.151897989853239     
   1.6337500000000001E-002   322.30454185106191        49.154541851061936     
   1.6362500000000002E-002   322.30717915963112        49.157179159631141     
   1.6387499999999999E-002   322.30980991556072        49.159809915560743     
   1.6412500000000000E-002   322.31243411885077        49.162434118850797     
   1.6437500000000001E-002   322.31505176950128        49.165051769501304     
   1.6462500000000001E-002   322.31766286751224        49.167662867512263     
   1.6487500000000002E-002   322.32026741288360        49.170267412883618     
   1.6512499999999999E-002   322.32286540561540        49.172865405615426     
   1.6537500000000000E-002   322.32545684570766        49.175456845707686     
   1.6562500000000001E-002   322.32804173316032        49.178041733160342     
   1.6587500000000002E-002   322.33062006797343        49.180620067973450     
   1.6612500000000002E-002   322.33319185014699        49.183191850147011     
   1.6637500000000000E-002   322.33575707968095        49.185757079680968     
   1.6662500000000000E-002   322.33831575657535        49.188315756575378     
   1.6687500000000001E-002   322.34086788083022        49.190867880830240     
   1.6712500000000002E-002   322.34341345244553        49.193413452445554     
   1.6737500000000002E-002   322.34595247142130        49.195952471421322     
   1.6762500000000000E-002   322.34848493775746        49.198484937757485     
   1.6787500000000000E-002   322.35101085145408        49.201010851454100     
   1.6812500000000001E-002   322.35353021251115        49.203530212511168     
   1.6837500000000002E-002   322.35604302092867        49.206043020928689     
   1.6862500000000002E-002   322.35854927670658        49.208549276706606     
   1.6887500000000000E-002   322.36104897984495        49.211048979844975     
   1.6912500000000000E-002   322.36354213034372        49.213542130343740     
   1.6937500000000001E-002   322.36602872820299        49.216028728203014     
   1.6962500000000002E-002   322.36850877342272        49.218508773422741     
   1.6987499999999999E-002   322.37098226600284        49.220982266002864     
   1.7012500000000000E-002   322.37344920594336        49.223449205943382     
   1.7037500000000001E-002   322.37590959324433        49.225909593244353     
   1.7062500000000001E-002   322.37836342790575        49.228363427905776     
   1.7087500000000002E-002   322.38081070992769        49.230810709927709     
   1.7112499999999999E-002   322.38325143931007        49.233251439310095     
   1.7137500000000000E-002   322.38568561605291        49.235685616052933     
   1.7162500000000001E-002   322.38811324015620        49.238113240156224     
   1.7187500000000001E-002   322.39053431161994        49.240534311619967     
   1.7212500000000002E-002   322.39294883044414        49.242948830444163     
   1.7237499999999999E-002   322.39535679662873        49.245356796628755     
   1.7262500000000000E-002   322.39775821017378        49.247758210173799     
   1.7287500000000001E-002   322.40015307107922        49.250153071079239     
   1.7312500000000001E-002   322.40254137934511        49.252541379345132     
   1.7337500000000002E-002   322.40492313497145        49.254923134971477     
   1.7362499999999999E-002   322.40729833795825        49.257298337958275     
   1.7387500000000000E-002   322.40966698830545        49.259666988305469     
   1.7412500000000001E-002   322.41202908601315        49.262029086013172     
   1.7437500000000002E-002   322.41438463108125        49.264384631081271     
   1.7462500000000002E-002   322.41673362350980        49.266733623509822     
   1.7487500000000000E-002   322.41907606329880        49.269076063298826     
   1.7512500000000000E-002   322.42141195044820        49.271411950448226     
   1.7537500000000001E-002   322.42374128495806        49.273741284958078     
   1.7562500000000002E-002   322.42606406682836        49.276064066828383     
   1.7587500000000002E-002   322.42838029605912        49.278380296059140     
   1.7612500000000000E-002   322.43068997265033        49.280689972650350     
   1.7637500000000000E-002   322.43299309660193        49.282993096601956     
   1.7662500000000001E-002   322.43528966791405        49.285289667914071     
   1.7687500000000002E-002   322.43757968658662        49.287579686586639     
   1.7712500000000003E-002   322.43986315261964        49.289863152619660     
   1.7737500000000000E-002   322.44214006601317        49.292140066013189     
   1.7762500000000001E-002   322.44441042676709        49.294410426767115     
   1.7787500000000001E-002   322.44667423488141        49.296674234881436     
   1.7812500000000002E-002   322.44893149035619        49.298931490356210     
   1.7837499999999999E-002   322.45118219319136        49.301182193191380     
   1.7862500000000000E-002   322.45342634338692        49.303426343386946     
   1.7887500000000001E-002   322.45566394094288        49.305663940942907     
   1.7912500000000001E-002   322.45789498585930        49.307894985859321     
   1.7937500000000002E-002   322.46011947813611        49.310119478136130     
   1.7962499999999999E-002   322.46233741777337        49.312337417773392     
   1.7987500000000000E-002   322.46454880477108        49.314548804771107     
   1.8012500000000001E-002   322.46675363912925        49.316753639129274     
   1.8037500000000001E-002   322.46895192084787        49.318951920847894     
   1.8062500000000002E-002   322.47114364992683        49.321143649926853     
   1.8087499999999999E-002   322.47332882636624        49.323328826366264     
   1.8112500000000000E-002   322.47550745016611        49.325507450166128     
   1.8137500000000001E-002   322.47767952132637        49.327679521326388     
   1.8162500000000002E-002   322.47984503984702        49.329845039847044     
   1.8187500000000002E-002   322.48200400572813        49.332004005728152     
   1.8212500000000000E-002   322.48415641896969        49.334156418969712     
   1.8237500000000000E-002   322.48630227957170        49.336302279571726     
   1.8262500000000001E-002   322.48844158753417        49.338441587534192     
   1.8287500000000002E-002   322.49057434285703        49.340574342857053     
   1.8312500000000002E-002   322.49270054554046        49.342700545540481     
   1.8337500000000000E-002   322.49482019558428        49.344820195584305     
   1.8362500000000000E-002   322.49693329298856        49.346933292988581     
   1.8387500000000001E-002   322.49903983775329        49.349039837753310     
   1.8412500000000002E-002   322.50113982987853        49.351139829878548     
   1.8437500000000002E-002   322.50323326936416        49.353233269364182     
   1.8462500000000000E-002   322.50532015621025        49.355320156210269     
   1.8487500000000000E-002   322.50740049041673        49.357400490416751     
   1.8512500000000001E-002   322.50947427198366        49.359474271983686     
   1.8537500000000002E-002   322.51154150091105        49.361541500911073     
   1.8562500000000003E-002   322.51360217719883        49.363602177198857     
   1.8587500000000000E-002   322.51565630084707        49.365656300847093     
   1.8612500000000001E-002   322.51770387185570        49.367703871855724     
   1.8637500000000001E-002   322.51974489022479        49.369744890224808     
   1.8662500000000002E-002   322.52177935595427        49.371779355954288     
   1.8687499999999999E-002   322.52380726904420        49.373807269044221     
   1.8712500000000000E-002   322.52582862949453        49.375828629494549     
   1.8737500000000001E-002   322.52784343730531        49.377843437305330     
   1.8762500000000001E-002   322.52985169247648        49.379851692476507     
   1.8787500000000002E-002   322.53185339500811        49.381853395008136     
   1.8812499999999999E-002   322.53384854490025        49.383848544900275     
   1.8837500000000000E-002   322.53583714215279        49.385837142152809     
   1.8862500000000001E-002   322.53781918676572        49.387819186765739     
   1.8887500000000002E-002   322.53979467873904        49.389794678739065     
   1.8912500000000002E-002   322.54176361807282        49.391763618072844     
   1.8937499999999999E-002   322.54372600476705        49.393726004767075     
   1.8962500000000000E-002   322.54568183882174        49.395681838821758     
   1.8987500000000001E-002   322.54763112023682        49.397631120236838     
   1.9012500000000002E-002   322.54957384901235        49.399573849012370     
   1.9037500000000002E-002   322.55151002514827        49.401510025148298     
   1.9062500000000000E-002   322.55343964864466        49.403439648644678     
   1.9087500000000000E-002   322.55536271950155        49.405362719501568     
   1.9112500000000001E-002   322.55727923771883        49.407279237718853     
   1.9137500000000002E-002   322.55918920329651        49.409189203296535     
   1.9162500000000002E-002   322.56109261623470        49.411092616234725     
   1.9187500000000000E-002   322.56298947653329        49.412989476533312     
   1.9212500000000000E-002   322.56487978419233        49.414879784192351     
   1.9237500000000001E-002   322.56676353921171        49.416763539211729     
   1.9262500000000002E-002   322.56864074159154        49.418640741591560     
   1.9287500000000003E-002   322.57051139133182        49.420511391331843     
   1.9312500000000000E-002   322.57237548843256        49.422375488432579     
   1.9337500000000001E-002   322.57423303289380        49.424233032893824     
   1.9362500000000001E-002   322.57608402471539        49.426084024715408     
   1.9387500000000002E-002   322.57792846389742        49.427928463897445     
   1.9412499999999999E-002   322.57976635043997        49.429766350439991     
   1.9437500000000000E-002   322.58159768434291        49.431597684342933     
   1.9462500000000001E-002   322.58342246560630        49.433422465606327     
   1.9487500000000001E-002   322.58524069423015        49.435240694230174     
   1.9512500000000002E-002   322.58705237021439        49.437052370214417     
   1.9537499999999999E-002   322.58885749355909        49.438857493559112     
   1.9562500000000000E-002   322.59065606426418        49.440656064264203     
   1.9587500000000001E-002   322.59244808232972        49.442448082329747     
   1.9612500000000001E-002   322.59423354775566        49.444233547755687     
   1.9637500000000002E-002   322.59601246054206        49.446012460542079     
   1.9662499999999999E-002   322.59778482068890        49.447784820688923     
   1.9687500000000000E-002   322.59955062819625        49.449550628196278     
   1.9712500000000001E-002   322.60130988306400        49.451309883064027     
   1.9737500000000002E-002   322.60306258529215        49.453062585292173     
   1.9762500000000002E-002   322.60480873488075        49.454808734880771     
   1.9787500000000000E-002   322.60654833182986        49.456548331829879     
   1.9812500000000000E-002   322.60828137613936        49.458281376139382     
   1.9837500000000001E-002   322.61000786780932        49.460007867809338     
   1.9862500000000002E-002   322.61172780683967        49.461727806839690     
   1.9887500000000002E-002   322.61344119323041        49.463441193230437     
   1.9912500000000000E-002   322.61514802698167        49.465148026981694     
   1.9937500000000000E-002   322.61684830809327        49.466848308093290     
   1.9962500000000001E-002   322.61854203656537        49.468542036565395     
   1.9987500000000002E-002   322.62022921239787        49.470229212397896     
   2.0012500000000003E-002   322.62190983559071        49.471909835590736     
   2.0037500000000000E-002   322.62358390614401        49.473583906144029     
   2.0062500000000000E-002   322.62525142405775        49.475251424057774     
   2.0087500000000001E-002   322.62691238933201        49.476912389332028     
   2.0112500000000002E-002   322.62856680196666        49.478566801966679     
   2.0137500000000003E-002   322.63021466196176        49.480214661961782     
   2.0162500000000000E-002   322.63185596931726        49.481855969317280     
   2.0187500000000001E-002   322.63349072403321        49.483490724033231     
   2.0212500000000001E-002   322.63511892610967        49.485118926109692     
   2.0237500000000002E-002   322.63674057554658        49.486740575546605     
   2.0262499999999999E-002   322.63835567234395        49.488355672343971     
   2.0287500000000000E-002   322.63996421650171        49.489964216501733     
   2.0312500000000001E-002   322.64156620801992        49.491566208019947     
   2.0337500000000001E-002   322.64316164689853        49.493161646898557     
   2.0362500000000002E-002   322.64475053313760        49.494750533137619     
   2.0387499999999999E-002   322.64633286673711        49.496332866737134     
   2.0412500000000000E-002   322.64790864769708        49.497908647697102     
   2.0437500000000001E-002   322.64947787601750        49.499477876017522     
   2.0462500000000002E-002   322.65104055169837        49.501040551698395     
   2.0487500000000002E-002   322.65259667473964        49.502596674739664     
   2.0512499999999999E-002   322.65414624514142        49.504146245141442     
   2.0537500000000000E-002   322.65568926290365        49.505689262903672     
   2.0562500000000001E-002   322.65722572802628        49.507225728026299     
   2.0587500000000002E-002   322.65875564050941        49.508755640509435     
   2.0612500000000002E-002   322.66027900035294        49.510279000352966     
   2.0637500000000000E-002   322.66179580755693        49.511795807556950     
   2.0662500000000000E-002   322.66330606212136        49.513306062121387     
   2.0687500000000001E-002   322.66480976404620        49.514809764046220     
   2.0712500000000002E-002   322.66630691333148        49.516306913331505     
   2.0737500000000002E-002   322.66779750997716        49.517797509977186     
   2.0762500000000000E-002   322.66928155398335        49.519281553983376     
   2.0787500000000000E-002   322.67075904534994        49.520759045349962     
   2.0812500000000001E-002   322.67222998407698        49.522229984077001     
   2.0837500000000002E-002   322.67369437016447        49.523694370164492     
   2.0862500000000003E-002   322.67515220361236        49.525152203612379     
   2.0887500000000000E-002   322.67660348442070        49.526603484420718     
   2.0912500000000001E-002   322.67804821258949        49.528048212589511     
   2.0937500000000001E-002   322.67948638811873        49.529486388118755     
   2.0962500000000002E-002   322.68091801100837        49.530918011008396     
   2.0987500000000003E-002   322.68234308125841        49.532343081258432     
   2.1012500000000000E-002   322.68376159886895        49.533761598868978     
   2.1037500000000001E-002   322.68517356383990        49.535173563839919     
   2.1062500000000001E-002   322.68657897617129        49.536578976171313     
   2.1087500000000002E-002   322.68797783586314        49.537977835863160     
   2.1112499999999999E-002   322.68937014291538        49.539370142915402     
   2.1137500000000000E-002   322.69075589732807        49.540755897328097     
   2.1162500000000001E-002   322.69213509910122        49.542135099101245     
   2.1187500000000001E-002   322.69350774823482        49.543507748234845     
   2.1212500000000002E-002   322.69487384472887        49.544873844728897     
   2.1237499999999999E-002   322.69623338858338        49.546233388583403     
   2.1262500000000000E-002   322.69758637979834        49.547586379798361     
   2.1287500000000001E-002   322.69893281837369        49.548932818373714     
   2.1312500000000002E-002   322.70027270430950        49.550272704309521     
   2.1337500000000002E-002   322.70160603760570        49.551606037605723     
   2.1362500000000000E-002   322.70293281826235        49.552932818262377     
   2.1387500000000000E-002   322.70425304627946        49.554253046279484     
   2.1412500000000001E-002   322.70556672165696        49.555566721656987     
   2.1437500000000002E-002   322.70687384439492        49.556873844394943     
   2.1462500000000002E-002   322.70817441449333        49.558174414493351     
   2.1487500000000000E-002   322.70946843195213        49.559468431952155     
   2.1512500000000000E-002   322.71075589677139        49.560755896771411     
   2.1537500000000001E-002   322.71203680895104        49.562036808951063     
   2.1562500000000002E-002   322.71331116849115        49.563311168491168     
   2.1587500000000003E-002   322.71457897539165        49.564578975391669     
   2.1612500000000000E-002   322.71584022965260        49.565840229652622     
   2.1637500000000000E-002   322.71709493127400        49.567094931274028     
   2.1662500000000001E-002   322.71834308025586        49.568343080255886     
   2.1687500000000002E-002   322.71958467659812        49.569584676598140     
   2.1712500000000003E-002   322.72081972030082        49.570819720300847     
   2.1737500000000000E-002   322.72204821136398        49.572048211364006     
   2.1762500000000001E-002   322.72327014978754        49.573270149787561     
   2.1787500000000001E-002   322.72448553557155        49.574485535571569     
   2.1812500000000002E-002   322.72569436871606        49.575694368716086     
   2.1837500000000003E-002   322.72689664922103        49.576896649221055     
   2.1862500000000000E-002   322.72809237708634        49.578092377086364     
   2.1887500000000001E-002   322.72928155231210        49.579281552312125     
   2.1912500000000001E-002   322.73046417489832        49.580464174898339     
   2.1937500000000002E-002   322.73164024484498        49.581640244845005     
   2.1962499999999999E-002   322.73280976215204        49.582809762152067     
   2.1987500000000000E-002   322.73397272681956        49.583972726819582     
   2.2012500000000001E-002   322.73512913884753        49.585129138847549     
   2.2037500000000002E-002   322.73627899823589        49.586278998235912     
   2.2062500000000002E-002   322.73742230498476        49.587422304984784     
   2.2087499999999999E-002   322.73855905909403        49.588559059094052     
   2.2112500000000000E-002   322.73968926056375        49.589689260563773     
   2.2137500000000001E-002   322.74081290939392        49.590812909393946     
   2.2162500000000002E-002   322.74193000558455        49.591930005584572     
   2.2187500000000002E-002   322.74304054913563        49.593040549135651     
   2.2212500000000000E-002   322.74414454004722        49.594144540047239     
   2.2237500000000000E-002   322.74524197831926        49.595241978319279     
   2.2262500000000001E-002   322.74633286395169        49.596332863951716     
   2.2287500000000002E-002   322.74741719694458        49.597417196944605     
   2.2312500000000002E-002   322.74849497729792        49.598494977297946     
   2.2337500000000000E-002   322.74956620501172        49.599566205011740     
   2.2362500000000000E-002   322.75063088008596        49.600630880085987     
   2.2387500000000001E-002   322.75168900252055        49.601689002520573     
   2.2412500000000002E-002   322.75274057231564        49.602740572315668     
   2.2437500000000003E-002   322.75378558947108        49.603785589471102     
   2.2462500000000000E-002   322.75482405398697        49.604824053986988     
   2.2487500000000001E-002   322.75585596586336        49.605855965863384     
   2.2512500000000001E-002   322.75688132510015        49.606881325100176     
   2.2537500000000002E-002   322.75790013169740        49.607900131697420     
   2.2562500000000003E-002   322.75891238565509        49.608912385655117     
   2.2587500000000000E-002   322.75991808697324        49.609918086973266     
   2.2612500000000001E-002   322.76091723565185        49.610917235651868     
   2.2637500000000001E-002   322.76190983169090        49.611909831690923     
   2.2662500000000002E-002   322.76289587509041        49.612895875090430     
   2.2687500000000003E-002   322.76387536585037        49.613875365850390     
   2.2712500000000000E-002   322.76484830397078        49.614848303970803     
   2.2737500000000001E-002   322.76581468945159        49.615814689451611     
   2.2762500000000001E-002   322.76677452229279        49.616774522292815     
   2.2787500000000002E-002   322.76772780249451        49.617727802494528     
   2.2812499999999999E-002   322.76867453005656        49.618674530056580     
   2.2837500000000000E-002   322.76961470497906        49.619614704979085     
   2.2862500000000001E-002   322.77054832726208        49.620548327262100     
   2.2887500000000002E-002   322.77147539690549        49.621475396905510     
   2.2912500000000002E-002   322.77239591390929        49.622395913909315     
   2.2937500000000000E-002   322.77330987827355        49.623309878273574     
   2.2962500000000000E-002   322.77421728999826        49.624217289998285     
   2.2987500000000001E-002   322.77511814908343        49.625118149083448     
   2.3012500000000002E-002   322.77601245552898        49.626012455529008     
   2.3037500000000002E-002   322.77690020933500        49.626900209335020     
   2.3062500000000000E-002   322.77778141050146        49.627781410501484     
   2.3087500000000000E-002   322.77865605902832        49.628656059028344     
   2.3112500000000001E-002   322.77952415491558        49.629524154915600     
   2.3137500000000002E-002   322.78038569816329        49.630385698163309     
   2.3162500000000003E-002   322.78124068877145        49.631240688771470     
   2.3187500000000000E-002   322.78208912674000        49.632089126740027     
   2.3212500000000000E-002   322.78293101206901        49.632931012069037     
   2.3237500000000001E-002   322.78376634475853        49.633766344758556     
   2.3262500000000002E-002   322.78459512480845        49.634595124808470     
   2.3287500000000003E-002   322.78541735221881        49.635417352218838     
   2.3312500000000000E-002   322.78623302698958        49.636233026989601     
   2.3337500000000001E-002   322.78704214912079        49.637042149120816     
   2.3362500000000001E-002   322.78784471861246        49.637844718612484     
   2.3387500000000002E-002   322.78864073546458        49.638640735464605     
   2.3412500000000003E-002   322.78943019967710        49.639430199677122     
   2.3437500000000000E-002   322.79021311125007        49.640213111250091     
   2.3462500000000001E-002   322.79098947018343        49.640989470183456     
   2.3487500000000001E-002   322.79175927647731        49.641759276477330     
   2.3512500000000002E-002   322.79252253013158        49.642522530131600     
   2.3537499999999999E-002   322.79327923114636        49.643279231146380     
   2.3562500000000000E-002   322.79402937952159        49.644029379521612     
   2.3587500000000001E-002   322.79477297525722        49.644772975257240     
   2.3612500000000002E-002   322.79551001835330        49.645510018353320     
   2.3637500000000002E-002   322.79624050880983        49.646240508809854     
   2.3662500000000000E-002   322.79696444662682        49.646964446626839     
   2.3687500000000000E-002   322.79768183180425        49.647681831804277     
   2.3712500000000001E-002   322.79839266434209        49.648392664342111     
   2.3737500000000002E-002   322.79909694424032        49.649096944240341     
   2.3762500000000002E-002   322.79979467149900        49.649794671499023     
   2.3787500000000000E-002   322.80048584611814        49.650485846118158     
   2.3812500000000000E-002   322.80117046809772        49.651170468097746     
   2.3837500000000001E-002   322.80184853743765        49.651848537437672     
   2.3862500000000002E-002   322.80252005413803        49.652520054138051     
   2.3887500000000002E-002   322.80318501819886        49.653185018198883     
   2.3912500000000000E-002   322.80384342962009        49.653843429620110     
   2.3937500000000000E-002   322.80449528840177        49.654495288401790     
   2.3962500000000001E-002   322.80514059454384        49.655140594543866     
   2.3987500000000002E-002   322.80577934804637        49.655779348046394     
   2.4012500000000003E-002   322.80641154890935        49.656411548909375     
   2.4037500000000000E-002   322.80703719713273        49.657037197132752     
   2.4062500000000001E-002   322.80765629271656        49.657656292716581     
   2.4087500000000001E-002   322.80826883566084        49.658268835660863     
   2.4112500000000002E-002   322.80887482596557        49.658874825965597     
   2.4137500000000003E-002   322.80947426363076        49.659474263630784     
   2.4162500000000000E-002   322.81006714865640        49.660067148656424     
   2.4187500000000001E-002   322.81065348104249        49.660653481042516     
   2.4212500000000001E-002   322.81123326078904        49.661233260789061     
   2.4237500000000002E-002   322.81180648789598        49.661806487896001     
   2.4262500000000003E-002   322.81237316236337        49.662373162363394     
   2.4287500000000000E-002   322.81293328419122        49.662933284191240     
   2.4312500000000001E-002   322.81348685337952        49.663486853379538     
   2.4337500000000001E-002   322.81403386992827        49.664033869928289     
   2.4362500000000002E-002   322.81457433383753        49.664574333837550     
   2.4387499999999999E-002   322.81510824510718        49.665108245107206     
   2.4412500000000000E-002   322.81563560373729        49.665635603737314     
   2.4437500000000001E-002   322.81615640972791        49.666156409727932     
   2.4462500000000002E-002   322.81667066307892        49.666670663078946     
   2.4487500000000002E-002   322.81717836379045        49.667178363790470     
   2.4512500000000000E-002   322.81767951186237        49.667679511862389     
   2.4537500000000000E-002   322.81817410729474        49.668174107294760     
   2.4562500000000001E-002   322.81866215008750        49.668662150087528     
   2.4587500000000002E-002   322.81914364024078        49.669143640240804     
   2.4612500000000002E-002   322.81961857775445        49.669618577754477     
   2.4637500000000000E-002   322.82008696262858        49.670086962628602     
   2.4662500000000000E-002   322.82054879486316        49.670548794863180     
   2.4687500000000001E-002   322.82100407445813        49.671004074458153     
   2.4712500000000002E-002   322.82145280141361        49.671452801413636     
   2.4737500000000003E-002   322.82189497572949        49.671894975729515     
   2.4762500000000000E-002   322.82233059740577        49.672330597405789     
   2.4787500000000001E-002   322.82275966644249        49.672759666442516     
   2.4812500000000001E-002   322.82318218283962        49.673182182839639     
   2.4837500000000002E-002   322.82359814659725        49.673598146597271     
   2.4862500000000003E-002   322.82400755771533        49.674007557715356     
   2.4887500000000000E-002   322.82441041619387        49.674410416193894     
   2.4912500000000001E-002   322.82480672203286        49.674806722032883     
   2.4937500000000001E-002   322.82519647523230        49.675196475232326     
   2.4962500000000002E-002   322.82557967579214        49.675579675792164     
   2.4987500000000003E-002   322.82595632371243        49.675956323712455     
         100
