 # X(m)   T(K)   T(C)
   5.0000000000000004E-006   314.55549556589193        41.405495565891954     
   1.5000000000000002E-005   314.55549615872548        41.405496158725498     
   2.7500000000000004E-005   314.55555207871919        41.405552078719211     
   4.0000000000000003E-005   314.55566290905711        41.405662909057128     
   5.2500000000000002E-005   314.55577347040770        41.405773470407723     
   6.5000000000000008E-005   314.55588376277092        41.405883762770941     
   7.7500000000000014E-005   314.55599378614681        41.405993786146837     
   9.0000000000000019E-005   314.55610354053533        41.406103540535355     
   1.0250000000000002E-004   314.55621302593659        41.406213025936609     
   1.1500000000000003E-004   314.55632224235046        41.406322242350484     
   1.2750000000000004E-004   314.55663752959998        41.406637529600005     
   1.4000000000000004E-004   314.55715855061186        41.407158550611882     
   1.5285714285714289E-004   314.55744385221050        41.407443852210520     
   1.6571428571428575E-004   314.55747909043686        41.407479090436880     
   1.7857142857142860E-004   314.55751423873664        41.407514238736667     
   1.9142857142857145E-004   314.55754929710997        41.407549297109995     
   2.0428571428571430E-004   314.55758426555678        41.407584265556807     
   2.1714285714285715E-004   314.55761914407708        41.407619144077103     
   2.3000000000000001E-004   314.55765393267086        41.407653932670883     
   2.4499999999999999E-004   314.55767442341624        41.407674423416267     
   2.4600000000000002E-004   314.55767445730044        41.407674457300459     
   2.5600000000000004E-004   314.55767491111584        41.407674911115862     
   2.6600000000000007E-004   314.55767547972306        41.407675479723082     
   2.7850000000000005E-004   314.55772911336311        41.407729113363132     
   2.9100000000000003E-004   314.55783540127646        41.407835401276486     
   3.0350000000000000E-004   314.55794142020255        41.407941420202576     
   3.1599999999999998E-004   314.55804717014132        41.408047170141344     
   3.2849999999999996E-004   314.55815265109277        41.408152651092792     
   3.4099999999999994E-004   314.55825786305684        41.408257863056861     
   3.5349999999999992E-004   314.55836280603359        41.408362806033608     
   3.6599999999999990E-004   314.55846748002301        41.408467480023035     
   3.7849999999999988E-004   314.55876962177149        41.408769621771512     
   3.9099999999999985E-004   314.55926889420579        41.409268894205809     
   4.0385714285714271E-004   314.55954227261282        41.409542272612839     
   4.1671428571428556E-004   314.55957603442147        41.409576034421491     
   4.2957142857142841E-004   314.55960970630360        41.409609706303627     
   4.4242857142857126E-004   314.55964328825917        41.409643288259190     
   4.5528571428571412E-004   314.55967678028827        41.409676780288294     
   4.6814285714285697E-004   314.55971018239080        41.409710182390825     
   4.8099999999999982E-004   314.55974349456682        41.409743494566840     
   4.9599999999999980E-004   314.55976311324889        41.409763113248914     
   4.9699999999999983E-004   314.55976314569045        41.409763145690476     
   5.0699999999999986E-004   314.55976358017966        41.409763580179686     
   5.1699999999999988E-004   314.55976412456073        41.409764124560752     
   5.2949999999999991E-004   314.55981547184945        41.409815471849470     
   5.4199999999999995E-004   314.55991721734296        41.409917217342979     
   5.5449999999999998E-004   314.56001869384914        41.410018693849167     
   5.6700000000000001E-004   314.56011990136801        41.410119901368034     
   5.7950000000000005E-004   314.56022083989956        41.410220839899580     
   5.9200000000000008E-004   314.56032150944378        41.410321509443804     
   6.0450000000000011E-004   314.56042191000063        41.410421910000650     
   6.1700000000000014E-004   314.56052204157015        41.410522041570175     
   6.2950000000000018E-004   314.56081103783066        41.410811037830683     
   6.4200000000000021E-004   314.56128856170903        41.411288561709057     
   6.5485714285714312E-004   314.56155001693634        41.411550016936360     
   6.6771428571428602E-004   314.56158230232870        41.411582302328725     
   6.8057142857142893E-004   314.56161449779461        41.411614497794631     
   6.9342857142857183E-004   314.56164660333400        41.411646603334020     
   7.0628571428571474E-004   314.56167861894676        41.411678618946780     
   7.1914285714285765E-004   314.56171054463306        41.411710544633081     
   7.3200000000000055E-004   314.56174238039279        41.411742380392809     
   7.4700000000000059E-004   314.56176112701240        41.411761127012426     
   7.4800000000000062E-004   314.56176115801134        41.411761158011359     
   7.5800000000000064E-004   314.56176157317435        41.411761573174374     
   7.6800000000000067E-004   314.56176209332915        41.411762093329173     
   7.8050000000000070E-004   314.56181115426961        41.411811154269628     
   7.9300000000000074E-004   314.56190835734935        41.411908357349375     
   8.0550000000000077E-004   314.56200529144178        41.412005291441801     
   8.1800000000000080E-004   314.56210195654688        41.412101956546906     
   8.3050000000000083E-004   314.56219835266461        41.412198352664632     
   8.4300000000000087E-004   314.56229447979501        41.412294479795037     
   8.5550000000000090E-004   314.56239033793810        41.412390337938120     
   8.6800000000000093E-004   314.56248592709386        41.412485927093883     
   8.8050000000000097E-004   314.56276177788430        41.412761777884327     
   8.9300000000000100E-004   314.56321755323626        41.413217553236279     
   9.0585714285714390E-004   314.56346708530003        41.413467085300056     
   9.1871428571428681E-004   314.56349789427821        41.413497894278237     
   9.3157142857142972E-004   314.56352861332988        41.413528613329902     
   9.4442857142857262E-004   314.56355924245503        41.413559242455051     
   9.5728571428571553E-004   314.56358978165360        41.413589781653627     
   9.7014285714285844E-004   314.56362023092566        41.413620230925687     
   9.8300000000000123E-004   314.56365059027127        41.413650590271288     
   9.9800000000000127E-004   314.56366846482968        41.413668464829698     
   9.9900000000000119E-004   314.56366849438604        41.413668494386059     
   1.0090000000000012E-003   314.56366889022280        41.413668890222823     
   1.0190000000000012E-003   314.56366938615133        41.413669386151355     
   1.0315000000000012E-003   314.56371616073795        41.413716160737977     
   1.0440000000000011E-003   314.56380882139302        41.413808821393047     
   1.0565000000000010E-003   314.56390121306072        41.413901213060740     
   1.0690000000000009E-003   314.56399333574103        41.413993335741054     
   1.0815000000000009E-003   314.56408518943397        41.414085189433990     
   1.0940000000000008E-003   314.56417677413964        41.414176774139662     
   1.1065000000000007E-003   314.56426808985793        41.414268089857956     
   1.1190000000000006E-003   314.56435913658891        41.414359136588928     
   1.1315000000000006E-003   314.56462184187723        41.414621841877249     
   1.1440000000000005E-003   314.56505586864955        41.415055868649574     
   1.1568571428571433E-003   314.56529347752058        41.415293477520606     
   1.1697142857142861E-003   314.56532281008089        41.415322810080909     
   1.1825714285714289E-003   314.56535205271467        41.415352052714695     
   1.1954285714285717E-003   314.56538120542194        41.415381205421966     
   1.2082857142857145E-003   314.56541026820275        41.415410268202777     
   1.2211428571428573E-003   314.56543924105699        41.415439241057015     
   1.2340000000000001E-003   314.56546812398472        41.415468123984738     
   1.2490000000000001E-003   314.56548512647970        41.415485126479723     
   1.2500000000000000E-003   314.56548515459338        41.415485154593398     
   1.2600000000000001E-003   314.56548553110377        41.415485531103798     
   1.2700000000000001E-003   314.56548600280587        41.415486002805892     
   1.2825000000000000E-003   314.56553049102018        41.415530491020206     
   1.2949999999999999E-003   314.56561860921352        41.415618609213539     
   1.3074999999999999E-003   314.56570645841953        41.415706458419550     
   1.3199999999999998E-003   314.56579403863822        41.415794038638239     
   1.3324999999999997E-003   314.56588134986958        41.415881349869608     
   1.3449999999999996E-003   314.56596839211358        41.415968392113598     
   1.3574999999999995E-003   314.56605516537024        41.416055165370267     
   1.3699999999999995E-003   314.56614166963953        41.416141669639558     
   1.3824999999999994E-003   314.56639122931909        41.416391229319117     
   1.3949999999999993E-003   314.56680350733558        41.416803507335601     
   1.4078571428571421E-003   314.56702919291729        41.417029192917312     
   1.4207142857142849E-003   314.56705704904778        41.417057049047799     
   1.4335714285714277E-003   314.56708481525175        41.417084815251769     
   1.4464285714285705E-003   314.56711249152914        41.417112491529167     
   1.4592857142857133E-003   314.56714007788003        41.417140077880049     
   1.4721428571428561E-003   314.56716757430434        41.417167574304358     
   1.4849999999999989E-003   314.56719498080213        41.417194980802151     
   1.4999999999999989E-003   314.56721111122658        41.417211111226607     
   1.5009999999999989E-003   314.56721113789763        41.417211137897652     
   1.5109999999999989E-003   314.56721149508144        41.417211495081460     
   1.5209999999999989E-003   314.56721194255681        41.417211942556833     
   1.5334999999999988E-003   314.56725414437585        41.417254144375875     
   1.5459999999999988E-003   314.56733772006214        41.417337720062164     
   1.5584999999999987E-003   314.56742102676111        41.417421026761133     
   1.5709999999999986E-003   314.56750406447270        41.417504064472723     
   1.5834999999999985E-003   314.56758683319697        41.417586833196992     
   1.5959999999999985E-003   314.56766933293386        41.417669332933883     
   1.6084999999999984E-003   314.56775156368343        41.417751563683453     
   1.6209999999999983E-003   314.56783352544562        41.417833525445644     
   1.6334999999999982E-003   314.56806993938494        41.418069939384964     
   1.6459999999999982E-003   314.56846046842799        41.418460468428009     
   1.6588571428571410E-003   314.56867423060100        41.418674230601027     
   1.6717142857142838E-003   314.56870061028690        41.418700610286919     
   1.6845714285714266E-003   314.56872690004622        41.418726900046238     
   1.6974285714285694E-003   314.56875309987907        41.418753099879098     
   1.7102857142857121E-003   314.56877920978542        41.418779209785441     
   1.7231428571428549E-003   314.56880522976519        41.418805229765212     
   1.7359999999999977E-003   314.56883115981850        41.418831159818524     
   1.7509999999999978E-003   314.56884641816384        41.418846418163866     
   1.7519999999999977E-003   314.56884644339226        41.418846443392283     
   1.7619999999999977E-003   314.56884678124976        41.418846781249783     
   1.7719999999999978E-003   314.56884720449875        41.418847204498775     
   1.7844999999999977E-003   314.56888711995225        41.418887119952274     
   1.7969999999999976E-003   314.56896615319044        41.418966153190468     
   1.8094999999999975E-003   314.56904491744137        41.419044917441397     
   1.8219999999999974E-003   314.56912341270493        41.419123412704948     
   1.8344999999999974E-003   314.56920163898110        41.419201638981122     
   1.8469999999999973E-003   314.56927959626995        41.419279596269973     
   1.8594999999999972E-003   314.56935728457148        41.419357284571504     
   1.8719999999999971E-003   314.56943470388563        41.419434703885656     
   1.8844999999999971E-003   314.56965797225558        41.419657972255607     
   1.8969999999999970E-003   314.57002675260804        41.420026752608067     
   1.9098571428571398E-003   314.57022859152755        41.420228591527575     
   1.9227142857142826E-003   314.57025349478806        41.420253494788085     
   1.9355714285714254E-003   314.57027830812206        41.420278308122079     
   1.9484285714285682E-003   314.57030303152953        41.420303031529556     
   1.9612857142857110E-003   314.57032766501050        41.420327665010518     
   1.9741428571428540E-003   314.57035220856488        41.420352208564907     
   1.9869999999999970E-003   314.57037666219270        41.420376662192723     
   2.0019999999999968E-003   314.57039104847013        41.420391048470151     
   2.0029999999999970E-003   314.57039107225586        41.420391072255882     
   2.0129999999999970E-003   314.57039139078654        41.420391390786563     
   2.0229999999999970E-003   314.57039178980853        41.420391789808548     
   2.0354999999999969E-003   314.57042941884180        41.420429418841820     
   2.0479999999999969E-003   314.57050390952332        41.420503909523347     
   2.0604999999999968E-003   314.57057813121753        41.420578131217553     
   2.0729999999999967E-003   314.57065208392436        41.420652083924381     
   2.0854999999999966E-003   314.57072576764392        41.420725767643944     
   2.0979999999999966E-003   314.57079918237616        41.420799182376186     
   2.1104999999999965E-003   314.57087232812103        41.420872328121050     
   2.1229999999999964E-003   314.57094520487851        41.420945204878535     
   2.1354999999999963E-003   314.57115532736498        41.421155327365000     
   2.1479999999999963E-003   314.57150235850702        41.421502358507041     
   2.1608571428571393E-003   314.57169227388800        41.421692273888027     
   2.1737142857142823E-003   314.57171570068783        41.421715700687855     
   2.1865714285714253E-003   314.57173903756114        41.421739037561167     
   2.1994285714285683E-003   314.57176228450794        41.421762284507963     
   2.2122857142857113E-003   314.57178544152816        41.421785441528186     
   2.2251428571428544E-003   314.57180850862187        41.421808508621893     
   2.2379999999999974E-003   314.57183148578906        41.421831485789085     
   2.2529999999999972E-003   314.57184499997794        41.421844999977964     
   2.2539999999999973E-003   314.57184502232110        41.421845022321122     
   2.2639999999999974E-003   314.57184532152507        41.421845321525097     
   2.2739999999999974E-003   314.57184569632022        41.421845696320247     
   2.2864999999999973E-003   314.57188103894163        41.421881038941649     
   2.2989999999999972E-003   314.57195098708303        41.421950987083051     
   2.3114999999999972E-003   314.57202066623711        41.422020666237131     
   2.3239999999999971E-003   314.57209007640381        41.422090076403833     
   2.3364999999999970E-003   314.57215921758319        41.422159217583214     
   2.3489999999999969E-003   314.57222808977519        41.422228089775217     
   2.3614999999999968E-003   314.57229669297988        41.422296692979899     
   2.3739999999999968E-003   314.57236502719718        41.422365027197202     
   2.3864999999999967E-003   314.57256200384757        41.422562003847588     
   2.3989999999999966E-003   314.57288728585775        41.422887285857769     
   2.4118571428571396E-003   314.57306527774318        41.423065277743206     
   2.4247142857142827E-003   314.57308722808762        41.423087228087638     
   2.4375714285714257E-003   314.57310908850553        41.423109088505555     
   2.4504285714285687E-003   314.57313085899693        41.423130858996956     
   2.4632857142857117E-003   314.57315253956182        41.423152539561841     
   2.4761428571428547E-003   314.57317413020013        41.423174130200152     
   2.4889999999999977E-003   314.57319563091193        41.423195630911948     
   2.5039999999999975E-003   314.57320827301510        41.423208273015121     
   2.5049999999999977E-003   314.57320829391557        41.423208293915593     
   2.5149999999999977E-003   314.57320857379329        41.423208573793318     
   2.5249999999999977E-003   314.57320892436218        41.423208924362200     
   2.5374999999999977E-003   314.57324198063196        41.423241980631985     
   2.5499999999999976E-003   314.57330738635289        41.423307386352917     
   2.5624999999999975E-003   314.57337252308650        41.423372523086528     
   2.5749999999999974E-003   314.57343739083274        41.423437390832760     
   2.5874999999999974E-003   314.57350198959165        41.423501989591671     
   2.5999999999999973E-003   314.57356631936324        41.423566319363260     
   2.6124999999999972E-003   314.57363038014745        41.423630380147472     
   2.6249999999999971E-003   314.57369417194434        41.423694171944362     
   2.6374999999999971E-003   314.57387800310528        41.423878003105301     
   2.6499999999999970E-003   314.57418153655692        41.424181536556944     
   2.6628571428571400E-003   314.57434760526127        41.424347605261289     
   2.6757142857142830E-003   314.57436807918930        41.424368079189321     
   2.6885714285714260E-003   314.57438846319081        41.424388463190837     
   2.7014285714285690E-003   314.57440875726576        41.424408757265780     
   2.7142857142857120E-003   314.57442896141413        41.424428961414151     
   2.7271428571428551E-003   314.57444907563598        41.424449075636005     
   2.7399999999999981E-003   314.57446909993132        41.424469099931343     
   2.7549999999999979E-003   314.57448086997198        41.424480869972001     
   2.7559999999999980E-003   314.57448088942982        41.424480889429844     
   2.7659999999999981E-003   314.57448114998095        41.424481149980977     
   2.7759999999999981E-003   314.57448147632317        41.424481476323194     
   2.7884999999999980E-003   314.57451224619820        41.424512246198219     
   2.8009999999999979E-003   314.57457310941288        41.424573109412904     
   2.8134999999999979E-003   314.57463370364025        41.424633703640268     
   2.8259999999999978E-003   314.57469402888029        41.424694028880310     
   2.8384999999999977E-003   314.57475408513301        41.424754085133031     
   2.8509999999999976E-003   314.57481387239841        41.424813872398431     
   2.8634999999999976E-003   314.57487339067643        41.424873390676453     
   2.8759999999999975E-003   314.57493263996719        41.424932639967210     
   2.8884999999999974E-003   314.57510332539056        41.425103325390580     
   2.9009999999999973E-003   314.57538510987320        41.425385109873218     
   2.9138571428571403E-003   314.57553925517124        41.425539255171259     
   2.9267142857142834E-003   314.57555825265501        41.425558252655037     
   2.9395714285714264E-003   314.57557716021222        41.425577160212242     
   2.9524285714285694E-003   314.57559597784291        41.425595977842931     
   2.9652857142857124E-003   314.57561470554708        41.425614705547105     
   2.9781428571428554E-003   314.57563334332480        41.425633343324819     
   2.9909999999999984E-003   314.57565189117588        41.425651891175903     
   3.0059999999999983E-003   314.57566278913760        41.425662789137618     
   3.0069999999999984E-003   314.57566280715281        41.425662807152833     
   3.0169999999999984E-003   314.57566304837763        41.425663048377658     
   3.0269999999999984E-003   314.57566335049341        41.425663350493437     
   3.0394999999999984E-003   314.57569183399744        41.425691833997462     
   3.0519999999999983E-003   314.57574815475323        41.425748154753251     
   3.0644999999999982E-003   314.57580420652170        41.425804206521718     
   3.0769999999999981E-003   314.57585998930284        41.425859989302865     
   3.0894999999999981E-003   314.57591550309661        41.425915503096633     
   3.1019999999999980E-003   314.57597074790306        41.425970747903079     
   3.1144999999999979E-003   314.57602572372213        41.426025723722148     
   3.1269999999999978E-003   314.57608043055387        41.426080430553895     
   3.1394999999999978E-003   314.57623797037627        41.426237970376292     
   3.1519999999999977E-003   314.57649800611591        41.426498006115935     
   3.1648571428571407E-003   314.57664022813174        41.426640228131760     
   3.1777142857142837E-003   314.57665774918655        41.426657749186575     
   3.1905714285714267E-003   314.57667518031479        41.426675180314817     
   3.2034285714285697E-003   314.57669252151652        41.426692521516543     
   3.2162857142857128E-003   314.57670977279173        41.426709772791753     
   3.2291428571428558E-003   314.57672693414042        41.426726934140447     
   3.2419999999999988E-003   314.57674400556255        41.426744005562568     
   3.2569999999999986E-003   314.57675403145430        41.426754031454323     
   3.2579999999999987E-003   314.57675404802688        41.426754048026908     
   3.2679999999999988E-003   314.57675426992529        41.426754269925311     
   3.2779999999999988E-003   314.57675454781457        41.426754547814596     
   3.2904999999999987E-003   314.57678074494839        41.426780744948417     
   3.3029999999999986E-003   314.57683252324676        41.426832523246787     
   3.3154999999999986E-003   314.57688403255776        41.426884032557780     
   3.3279999999999985E-003   314.57693527288143        41.426935272881451     
   3.3404999999999984E-003   314.57698624421772        41.426986244217744     
   3.3529999999999983E-003   314.57703694656669        41.427036946566716     
   3.3654999999999983E-003   314.57708737992834        41.427087379928366     
   3.3779999999999982E-003   314.57713754430262        41.427137544302639     
   3.3904999999999981E-003   314.57728193852847        41.427281938528495     
   3.4029999999999980E-003   314.57752022553251        41.427520225532533     
   3.4158571428571411E-003   314.57765052427004        41.427650524270064     
   3.4287142857142841E-003   314.57766656889640        41.427666568896427     
   3.4415714285714271E-003   314.57768252359625        41.427682523596275     
   3.4544285714285701E-003   314.57769838836964        41.427698388369663     
   3.4672857142857131E-003   314.57771416321646        41.427714163216478     
   3.4801428571428561E-003   314.57772984813676        41.427729848136778     
   3.4929999999999991E-003   314.57774544313048        41.427745443130505     
   3.5079999999999990E-003   314.57775459695262        41.427754596952639     
   3.5089999999999991E-003   314.57775461208257        41.427754612082595     
   3.5189999999999991E-003   314.57775481465433        41.427754814654350     
   3.5289999999999992E-003   314.57775506831678        41.427755068316799     
   3.5414999999999991E-003   314.57777897904219        41.427778979042216     
   3.5539999999999990E-003   314.57782621480737        41.427826214807396     
   3.5664999999999989E-003   314.57787318158518        41.427873181585198     
   3.5789999999999988E-003   314.57791987937566        41.427919879375679     
   3.5914999999999988E-003   314.57796630817882        41.427966308178839     
   3.6039999999999987E-003   314.57801246799460        41.428012467994620     
   3.6164999999999986E-003   314.57805835882300        41.428058358823023     
   3.6289999999999985E-003   314.57810398066403        41.428103980664048     
   3.6414999999999985E-003   314.57823522907393        41.428235229073948     
   3.6539999999999984E-003   314.57845176697936        41.428451766979379     
   3.6668571428571414E-003   314.57857014223964        41.428570142239664     
   3.6797142857142844E-003   314.57858471041288        41.428584710412906     
   3.6925714285714274E-003   314.57859918865961        41.428599188659632     
   3.7054285714285705E-003   314.57861357697982        41.428613576979842     
   3.7182857142857135E-003   314.57862787537351        41.428627875373536     
   3.7311428571428565E-003   314.57864208384069        41.428642083840714     
   3.7439999999999995E-003   314.57865620238130        41.428656202381319     
   3.7589999999999993E-003   314.57866448411920        41.428664484119224     
   3.7599999999999995E-003   314.57866449780647        41.428664497806494     
   3.7699999999999995E-003   314.57866468105169        41.428664681051714     
   3.7799999999999995E-003   314.57866491048759        41.428664910487612     
   3.7924999999999994E-003   314.57868653482842        41.428686534828444     
   3.8049999999999994E-003   314.57872922810770        41.428729228107727     
   3.8174999999999993E-003   314.57877165239967        41.428771652399689     
   3.8299999999999992E-003   314.57881380770425        41.428813807704273     
   3.8424999999999991E-003   314.57885569402151        41.428855694021536     
   3.8549999999999991E-003   314.57889731135140        41.428897311351420     
   3.8674999999999990E-003   314.57893865969396        41.428938659693983     
   3.8799999999999989E-003   314.57897973904915        41.428979739049169     
   3.8924999999999988E-003   314.57909784178031        41.429097841780333     
   3.9049999999999987E-003   314.57929263081422        41.429292630814246     
   3.9178571428571413E-003   314.57939908272164        41.429399082721659     
   3.9307142857142839E-003   314.57941217445722        41.429412174457241     
   3.9435714285714265E-003   314.57942517626628        41.429425176266307     
   3.9564285714285691E-003   314.57943808814883        41.429438088148856     
   3.9692857142857117E-003   314.57945091010487        41.429450910104890     
   3.9821428571428542E-003   314.57946364213433        41.429463642134351     
   3.9949999999999968E-003   314.57947628423727        41.429476284237296     
   4.0099999999999971E-003   314.57948369390004        41.429483693900067     
   4.0109999999999972E-003   314.57948370614463        41.429483706144651     
   4.0209999999999968E-003   314.57948387006229        41.429483870062313     
   4.0309999999999964E-003   314.57948407527010        41.429484075270125     
   4.0434999999999967E-003   314.57950341309299        41.429503413093016     
   4.0559999999999971E-003   314.57954156362143        41.429541563621456     
   4.0684999999999975E-003   314.57957944516261        41.429579445162631     
   4.0809999999999978E-003   314.57961705771640        41.429617057716428     
   4.0934999999999982E-003   314.57965440128288        41.429654401282903     
   4.1059999999999985E-003   314.57969147586203        41.429691475862057     
   4.1184999999999989E-003   314.57972828145381        41.429728281453833     
   4.1309999999999993E-003   314.57976481805821        41.429764818058231     
   4.1434999999999996E-003   314.57986977434405        41.429869774344070     
   4.1560000000000000E-003   314.58004281323809        41.430042813238117     
   4.1688571428571426E-003   314.58013734109750        41.430137341097520     
   4.1817142857142851E-003   314.58014895630930        41.430148956309324     
   4.1945714285714277E-003   314.58016048159459        41.430160481594612     
   4.2074285714285703E-003   314.58017191695336        41.430171916953384     
   4.2202857142857129E-003   314.58018326238562        41.430183262385640     
   4.2331428571428555E-003   314.58019451789130        41.430194517891323     
   4.2459999999999980E-003   314.58020568347041        41.430205683470433     
   4.2609999999999983E-003   314.58021222100723        41.430212221007253     
   4.2619999999999984E-003   314.58021223180913        41.430212231809151     
   4.2719999999999980E-003   314.58021237639929        41.430212376399311     
   4.2819999999999976E-003   314.58021255737924        41.430212557379264     
   4.2944999999999980E-003   314.58022960868999        41.430229608690013     
   4.3069999999999983E-003   314.58026321647901        41.430263216479034     
   4.3194999999999987E-003   314.58029655528071        41.430296555280734     
   4.3319999999999990E-003   314.58032962509503        41.430329625095055     
   4.3444999999999994E-003   314.58036242592203        41.430362425922056     
   4.3569999999999998E-003   314.58039495776171        41.430394957761735     
   4.3695000000000001E-003   314.58042722061407        41.430427220614092     
   4.3820000000000005E-003   314.58045921447911        41.430459214479129     
   4.3945000000000008E-003   314.58055102435247        41.430551024352496     
   4.4070000000000012E-003   314.58070231316094        41.430702313160964     
   4.4198571428571438E-003   314.58078491700201        41.430784917002029     
   4.4327142857142864E-003   314.58079505569373        41.430795055693750     
   4.4455714285714289E-003   314.58080510445893        41.430805104458955     
   4.4584285714285715E-003   314.58081506329762        41.430815063297644     
   4.4712857142857141E-003   314.58082493220974        41.430824932209759     
   4.4841428571428567E-003   314.58083471119528        41.430834711195303     
   4.4969999999999993E-003   314.58084440025431        41.430844400254330     
   4.5119999999999995E-003   314.58085006566733        41.430850065667357     
   4.5129999999999997E-003   314.58085007502649        41.430850075026513     
   4.5229999999999992E-003   314.58085020028909        41.430850200289115     
   4.5329999999999988E-003   314.58085035704119        41.430850357041209     
   4.5454999999999992E-003   314.58086512184826        41.430865121848285     
   4.5579999999999996E-003   314.58089418691475        41.430894186914770     
   4.5704999999999999E-003   314.58092298299391        41.430922982993934     
   4.5830000000000003E-003   314.58095151008575        41.430951510085777     
   4.5955000000000006E-003   314.58097976819028        41.430979768190298     
   4.6080000000000010E-003   314.58100775730742        41.431007757307441     
   4.6205000000000013E-003   314.58103547743724        41.431035477437263     
   4.6330000000000017E-003   314.58106292857974        41.431062928579763     
   4.6455000000000021E-003   314.58114159208935        41.431141592089375     
   4.6580000000000024E-003   314.58127113089290        41.431271130892924     
   4.6708571428571450E-003   314.58134181075985        41.431341810759875     
   4.6837142857142876E-003   314.58135047293695        41.431350472936970     
   4.6965714285714302E-003   314.58135904518747        41.431359045187492     
   4.7094285714285727E-003   314.58136752751147        41.431367527511497     
   4.7222857142857153E-003   314.58137591990896        41.431375919908987     
   4.7351428571428579E-003   314.58138422237994        41.431384222379961     
   4.7480000000000005E-003   314.58139243492434        41.431392434924362     
   4.7630000000000007E-003   314.58139722821682        41.431397228216838     
   4.7640000000000009E-003   314.58139723613323        41.431397236133250     
   4.7740000000000005E-003   314.58139734206816        41.431397342068180     
   4.7840000000000001E-003   314.58139747459211        41.431397474592131     
   4.7965000000000004E-003   314.58140995286612        41.431409952866147     
   4.8090000000000008E-003   314.58143447515170        41.431434475151718     
   4.8215000000000011E-003   314.58145872844989        41.431458728449911     
   4.8340000000000015E-003   314.58148271276082        41.431482712760840     
   4.8465000000000018E-003   314.58150642808437        41.431506428084390     
   4.8590000000000022E-003   314.58152987442060        41.431529874420619     
   4.8715000000000026E-003   314.58155305176945        41.431553051769470     
   4.8840000000000029E-003   314.58157596013092        41.431575960130942     
   4.8965000000000033E-003   314.58164147710778        41.431641477107803     
   4.9090000000000036E-003   314.58174926562668        41.431749265626706     
   4.9218571428571462E-003   314.58180802136616        41.431808021366180     
   4.9347142857142888E-003   314.58181520700958        41.431815207009606     
   4.9475714285714314E-003   314.58182230272649        41.431822302726516     
   4.9604285714285740E-003   314.58182930851694        41.431829308516967     
   4.9732857142857165E-003   314.58183622438082        41.431836224380845     
   4.9861428571428591E-003   314.58184305031813        41.431843050318150     
   4.9990000000000017E-003   314.58184978632892        41.431849786328939     
   5.0140000000000020E-003   314.58185370748959        41.431853707489608     
   5.0150000000000021E-003   314.58185371396331        41.431853713963335     
   5.0250000000000017E-003   314.58185380057057        41.431853800570593     
   5.0350000000000013E-003   314.58185390886638        41.431853908866401     
   5.0475000000000016E-003   314.58186410061768        41.431864100617702     
   5.0600000000000020E-003   314.58188408014303        41.431884080143050     
   5.0725000000000024E-003   314.58190379068100        41.431903790681019     
   5.0850000000000027E-003   314.58192323223165        41.431923232231668     
   5.0975000000000031E-003   314.58194240479497        41.431942404794995     
   5.1100000000000034E-003   314.58196130837098        41.431961308371001     
   5.1225000000000038E-003   314.58197994295961        41.431979942959629     
   5.1350000000000041E-003   314.58199830856091        41.431998308560935     
   5.1475000000000045E-003   314.58205067906511        41.432050679065128     
   5.1600000000000049E-003   314.58213671739890        41.432136717398919     
   5.1728571428571474E-003   314.58218354906546        41.432183549065485     
   5.1857142857142900E-003   314.58218925818204        41.432189258182063     
   5.1985714285714326E-003   314.58219487737216        41.432194877372183     
   5.2114285714285752E-003   314.58220040663571        41.432200406635729     
   5.2242857142857178E-003   314.58220584597268        41.432205845972703     
   5.2371428571428603E-003   314.58221119538314        41.432211195383161     
   5.2500000000000029E-003   314.58221645486708        41.432216454867103     
   5.2650000000000032E-003   314.58221950389998        41.432219503900001     
   5.2660000000000033E-003   314.58221950893102        41.432219508931041     
   5.2760000000000029E-003   314.58221957621100        41.432219576211025     
   5.2860000000000025E-003   314.58221966027929        41.432219660279316     
   5.2985000000000029E-003   314.58222756555665        41.432227565556673     
   5.3110000000000032E-003   314.58224300241852        41.432243002418545     
   5.3235000000000036E-003   314.58225817029296        41.432258170292982     
   5.3360000000000039E-003   314.58227306918008        41.432273069180098     
   5.3485000000000043E-003   314.58228769907987        41.432287699079893     
   5.3610000000000047E-003   314.58230205999229        41.432302059992310     
   5.3735000000000050E-003   314.58231615191744        41.432316151917462     
   5.3860000000000054E-003   314.58232997485527        41.432329974855293     
   5.3985000000000057E-003   314.58236919916646        41.432369199166487     
   5.4110000000000061E-003   314.58243348777791        41.432433487777928     
   5.4238571428571487E-003   314.58246839562520        41.432468395625222     
   5.4367142857142912E-003   314.58247262824636        41.432472628246387     
   5.4495714285714338E-003   314.58247677094101        41.432476770941037     
   5.4624285714285764E-003   314.58248082370915        41.432480823709170     
   5.4752857142857190E-003   314.58248478655076        41.432484786550788     
   5.4881428571428616E-003   314.58248865946581        41.432488659465832     
   5.5010000000000042E-003   314.58249244245440        41.432492442454418     
   5.5160000000000044E-003   314.58249461937811        41.432494619378133     
   5.5170000000000045E-003   314.58249462296635        41.432494622966374     
   5.5270000000000041E-003   314.58249467091855        41.432494670918572     
   5.5370000000000037E-003   314.58249473075858        41.432494730758606     
   5.5495000000000041E-003   314.58250034949344        41.432500349493466     
   5.5620000000000044E-003   314.58251124355559        41.432511243555609     
   5.5745000000000048E-003   314.58252186863035        41.432521868630374     
   5.5870000000000052E-003   314.58253222471774        41.432532224717761     
   5.5995000000000055E-003   314.58254231181780        41.432542311817826     
   5.6120000000000059E-003   314.58255212993049        41.432552129930514     
   5.6245000000000062E-003   314.58256167905586        41.432561679055880     
   5.6370000000000066E-003   314.58257095919384        41.432570959193868     
   5.6495000000000069E-003   314.58259703691789        41.432597036917912     
   5.6620000000000073E-003   314.58263957515481        41.432639575154838     
   5.6748571428571499E-003   314.58266255882540        41.432662558825427     
   5.6877142857142925E-003   314.58266531490693        41.432665314906956     
   5.7005714285714350E-003   314.58266798106189        41.432667981061911     
   5.7134285714285776E-003   314.58267055729033        41.432670557290351     
   5.7262857142857202E-003   314.58267304359219        41.432673043592217     
   5.7391428571428628E-003   314.58267543996749        41.432675439967511     
   5.7520000000000054E-003   314.58267774641627        41.432677746416289     
   5.7670000000000056E-003   314.58267905120454        41.432679051204559     
   5.7680000000000058E-003   314.58267905335015        41.432679053350171     
   5.7780000000000054E-003   314.58267908197496        41.432679081974982     
   5.7880000000000049E-003   314.58267911758725        41.432679117587270     
   5.8005000000000053E-003   314.58268244982514        41.432682449825165     
   5.8130000000000057E-003   314.58268880117811        41.432688801178131     
   5.8255000000000060E-003   314.58269488354370        41.432694883543718     
   5.8380000000000064E-003   314.58270069692190        41.432700696921927     
   5.8505000000000067E-003   314.58270624131279        41.432706241312815     
   5.8630000000000071E-003   314.58271151671630        41.432711516716324     
   5.8755000000000075E-003   314.58271652313249        41.432716523132513     
   5.8880000000000078E-003   314.58272126056136        41.432721260561379     
   5.9005000000000082E-003   314.58273419196030        41.432734191960321     
   5.9130000000000085E-003   314.58275498025614        41.432754980256163     
   5.9258571428571511E-003   314.58276603998763        41.432766039987655     
   5.9387142857142937E-003   314.58276731955885        41.432767319558877     
   5.9515714285714363E-003   314.58276850920356        41.432768509203584     
   5.9644285714285789E-003   314.58276960892175        41.432769608921774     
   5.9772857142857214E-003   314.58277061871343        41.432770618713448     
   5.9901428571428640E-003   314.58277153857858        41.432771538578606     
   6.0030000000000066E-003   314.58277236851723        41.432772368517249     
   6.0180000000000069E-003   314.58277280118767        41.432772801187696     
   6.0190000000000070E-003   314.58277280189054        41.432772801890565     
   6.0290000000000066E-003   314.58277281118797        41.432772811187988     
   6.0390000000000062E-003   314.58277282257262        41.432772822572645     
   6.0515000000000065E-003   314.58277386832748        41.432773868327502     
   6.0640000000000069E-003   314.58277567699884        41.432775676998858     
   6.0765000000000072E-003   314.58277721668287        41.432777216682894     
   6.0890000000000076E-003   314.58277848737953        41.432778487379551     
   6.1015000000000080E-003   314.58277948908886        41.432779489088887     
   6.1140000000000083E-003   314.58278022181088        41.432780221810901     
   6.1265000000000087E-003   314.58278068554557        41.432780685545595     
   6.1390000000000090E-003   314.58278088029294        41.432780880292967     
   6.1515000000000094E-003   314.58278066544688        41.432780665446899     
   6.1640000000000097E-003   314.58277970393425        41.432779703934273     
   6.1768571428571523E-003   314.58277883979929        41.432778839799312     
   6.1897142857142949E-003   314.58277864286924        41.432778642869266     
   6.2025714285714375E-003   314.58277835601268        41.432778356012705     
   6.2154285714285801E-003   314.58277797922960        41.432777979229627     
   6.2282857142857227E-003   314.58277751251995        41.432777512519976     
   6.2411428571428652E-003   314.58277695588379        41.432776955883810     
   6.2540000000000078E-003   314.58277630932110        41.432776309321127     
   6.2690000000000081E-003   314.58277586987884        41.432775869878867     
   6.2700000000000082E-003   314.58277586913903        41.432775869139050     
   6.2800000000000078E-003   314.58277585910878        41.432775859108801     
   6.2900000000000074E-003   314.58277584626529        41.432775846265315     
   6.3025000000000077E-003   314.58277460549425        41.432774605494274     
   6.3150000000000081E-003   314.58277187139896        41.432771871398984     
   6.3275000000000085E-003   314.58276886831635        41.432768868316373     
   6.3400000000000088E-003   314.58276559624636        41.432765596246384     
   6.3525000000000092E-003   314.58276205518905        41.432762055189073     
   6.3650000000000095E-003   314.58275824514430        41.432758245144328     
   6.3775000000000099E-003   314.58275416611224        41.432754166112261     
   6.3900000000000103E-003   314.58274981809285        41.432749818092873     
   6.4025000000000106E-003   314.58273645675519        41.432736456755208     
   6.4150000000000110E-003   314.58271374502613        41.432713745026149     
   6.4278571428571536E-003   314.58270095680109        41.432700956801114     
   6.4407142857142961E-003   314.58269928334198        41.432699283342004     
   6.4535714285714387E-003   314.58269751995641        41.432697519956434     
   6.4664285714285813E-003   314.58269566664433        41.432695666644349     
   6.4792857142857239E-003   314.58269372340573        41.432693723405748     
   6.4921428571428665E-003   314.58269169024055        41.432691690240574     
   6.5050000000000090E-003   314.58268956714886        41.432689567148884     
   6.5200000000000093E-003   314.58268825557752        41.432688255577546     
   6.5210000000000094E-003   314.58268825339496        41.432688253394986     
   6.5310000000000090E-003   314.58268822403693        41.432688224036951     
   6.5410000000000086E-003   314.58268818696524        41.432688186965265     
   6.5535000000000090E-003   314.58268465966040        41.432684659660424     
   6.5660000000000093E-003   314.58267738278266        41.432677382782686     
   6.5785000000000097E-003   314.58266983691760        41.432669836917626     
   6.5910000000000100E-003   314.58266202206516        41.432662022065188     
   6.6035000000000104E-003   314.58265393822535        41.432653938225371     
   6.6160000000000108E-003   314.58264558539821        41.432645585398234     
   6.6285000000000111E-003   314.58263696358375        41.432636963583775     
   6.6410000000000115E-003   314.58262807278192        41.432628072781938     
   6.6535000000000118E-003   314.58260156490724        41.432601564907259     
   6.6660000000000122E-003   314.58255710288654        41.432557102886562     
   6.6788571428571548E-003   314.58253239053016        41.432532390530184     
   6.6917142857142974E-003   314.58252924053699        41.432529240537008     
   6.7045714285714399E-003   314.58252600061724        41.432526000617258     
   6.7174285714285825E-003   314.58252267077097        41.432522670770993     
   6.7302857142857251E-003   314.58251925099819        41.432519250998212     
   6.7431428571428677E-003   314.58251574129889        41.432515741298914     
   6.7560000000000103E-003   314.58251214167302        41.432512141673044     
   6.7710000000000105E-003   314.58250995796959        41.432509957969614     
   6.7720000000000106E-003   314.58250995434435        41.432509954344368     
   6.7820000000000102E-003   314.58250990565870        41.432509905658719     
   6.7920000000000098E-003   314.58250984435904        41.432509844359060     
   6.8045000000000102E-003   314.58250403053648        41.432504030536506     
   6.8170000000000106E-003   314.58249221090841        41.432492210908435     
   6.8295000000000109E-003   314.58248012229296        41.432480122292986     
   6.8420000000000113E-003   314.58246776469019        41.432467764690216     
   6.8545000000000116E-003   314.58245513810004        41.432455138100067     
   6.8670000000000120E-003   314.58244224252257        41.432442242522598     
   6.8795000000000123E-003   314.58242907795773        41.432429077957750     
   6.8920000000000127E-003   314.58241564440561        41.432415644405637     
   6.9045000000000131E-003   314.58237599008686        41.432375990086882     
   6.9170000000000134E-003   314.58230977792834        41.432309777928367     
   6.9298571428571560E-003   314.58227314152498        41.432273141525002     
   6.9427142857142986E-003   314.58226851500814        41.432268515008161     
   6.9555714285714412E-003   314.58226379856478        41.432263798564804     
   6.9684285714285837E-003   314.58225899219491        41.432258992194932     
   6.9812857142857263E-003   314.58225409589852        41.432254095898543     
   6.9941428571428689E-003   314.58224910967556        41.432249109675581     
   7.0070000000000115E-003   314.58224403352608        41.432244033526104     
   7.0220000000000117E-003   314.58224097769676        41.432240977696779     
   7.0230000000000119E-003   314.58224097262871        41.432240972628733     
   7.0330000000000115E-003   314.58224090461522        41.432240904615242     
   7.0430000000000111E-003   314.58224081908730        41.432240819087326     
   7.0555000000000114E-003   314.58223271872521        41.432232718725231     
   7.0680000000000118E-003   314.58221635630332        41.432216356303343     
   7.0805000000000121E-003   314.58219972489411        41.432199724894133     
   7.0930000000000125E-003   314.58218282449752        41.432182824497545     
   7.1055000000000128E-003   314.58216565511367        41.432165655113693     
   7.1180000000000132E-003   314.58214821674244        41.432148216742462     
   7.1305000000000136E-003   314.58213050938389        41.432130509383910     
   7.1430000000000139E-003   314.58211253303796        41.432112533037980     
   7.1555000000000143E-003   314.58205973214928        41.432059732149298     
   7.1680000000000146E-003   314.58197176964455        41.431971769644576     
   7.1808571428571572E-003   314.58192320908000        41.431923209080026     
   7.1937142857142998E-003   314.58191710602540        41.431917106025423     
   7.2065714285714424E-003   314.58191091304428        41.431910913044305     
   7.2194285714285850E-003   314.58190463013665        41.431904630136671     
   7.2322857142857275E-003   314.58189825730250        41.431898257302521     
   7.2451428571428701E-003   314.58189179454178        41.431891794541798     
   7.2580000000000127E-003   314.58188524185454        41.431885241854559     
   7.2730000000000130E-003   314.58188131389102        41.431881313891040     
   7.2740000000000131E-003   314.58188130738023        41.431881307380252     
   7.2840000000000127E-003   314.58188122003901        41.431881220039031     
   7.2940000000000123E-003   314.58188111028284        41.431881110282859     
   7.3065000000000126E-003   314.58187072337569        41.431870723375710     
   7.3190000000000130E-003   314.58184981814912        41.431849818149146     
   7.3315000000000134E-003   314.58182864393518        41.431828643935205     
   7.3440000000000137E-003   314.58180720073392        41.431807200733942     
   7.3565000000000141E-003   314.58178548854534        41.431785488545358     
   7.3690000000000144E-003   314.58176350736937        41.431763507369396     
   7.3815000000000148E-003   314.58174125720609        41.431741257206113     
   7.3940000000000151E-003   314.58171873805549        41.431718738055508     
   7.4065000000000155E-003   314.58165279056527        41.431652790565295     
   7.4190000000000159E-003   314.58154307766233        41.431543077662354     
   7.4318571428571584E-003   314.58148259290806        41.431482592908083     
   7.4447142857143010E-003   314.58147501331217        41.431475013312195     
   7.4575714285714436E-003   314.58146734378971        41.431467343789734     
   7.4704285714285862E-003   314.58145958434073        41.431459584340757     
   7.4832857142857288E-003   314.58145173496519        41.431451734965208     
   7.4961428571428713E-003   314.58144379566312        41.431443795663142     
   7.5090000000000139E-003   314.58143576643448        41.431435766434504     
   7.5240000000000142E-003   314.58143096633461        41.431430966334631     
   7.5250000000000143E-003   314.58143095838113        41.431430958381156     
   7.5350000000000139E-003   314.58143085171224        41.431430851712264     
   7.5450000000000135E-003   314.58143071772804        41.431430717728063     
   7.5575000000000139E-003   314.58141804429931        41.431418044299335     
   7.5700000000000142E-003   314.58139259631463        41.431392596314652     
   7.5825000000000146E-003   314.58136687934262        41.431366879342647     
   7.5950000000000149E-003   314.58134089338330        41.431340893383322     
   7.6075000000000153E-003   314.58131463843665        41.431314638436675     
   7.6200000000000156E-003   314.58128811450268        41.431288114502706     
   7.6325000000000160E-003   314.58126132158134        41.431261321581360     
   7.6450000000000164E-003   314.58123425967267        41.431234259672692     
   7.6575000000000167E-003   314.58115516571610        41.431155165716120     
   7.6700000000000171E-003   314.58102370263839        41.431023702638413     
   7.6828571428571597E-003   314.58095129381690        41.430951293816918     
   7.6957142857143022E-003   314.58094223769484        41.430942237694865     
   7.7085714285714448E-003   314.58093309164627        41.430933091646295     
   7.7214285714285874E-003   314.58092385567119        41.430923855671210     
   7.7342857142857300E-003   314.58091452976959        41.430914529769609     
   7.7471428571428726E-003   314.58090511394147        41.430905113941492     
   7.7600000000000151E-003   314.58089560818684        41.430895608186859     
   7.7750000000000154E-003   314.58088993595970        41.430889935959726     
   7.7760000000000155E-003   314.58088992656349        41.430889926563509     
   7.7860000000000151E-003   314.58088980056675        41.430889800566774     
   7.7960000000000147E-003   314.58088964235429        41.430889642354316     
   7.8085000000000151E-003   314.58087468238494        41.430874682384967     
   7.8210000000000154E-003   314.58084469160423        41.430844691604250     
   7.8335000000000158E-003   314.58081443183619        41.430814431836211     
   7.8460000000000162E-003   314.58078390308077        41.430783903080794     
   7.8585000000000165E-003   314.58075310533803        41.430753105338056     
   7.8710000000000169E-003   314.58072203860797        41.430722038607996     
   7.8835000000000172E-003   314.58069070289059        41.430690702890615     
   7.8960000000000176E-003   314.58065909818589        41.430659098185913     
   7.9085000000000179E-003   314.58056685765285        41.430566857652877     
   7.9210000000000183E-003   314.58041364421837        41.430413644218390     
   7.9338571428571609E-003   314.58032931122978        41.430329311229798     
   7.9467142857143035E-003   314.58031877856922        41.430318778569244     
   7.9595714285714460E-003   314.58030815598215        41.430308155982175     
   7.9724285714285886E-003   314.58029744346845        41.430297443468476     
   7.9852857142857312E-003   314.58028664102829        41.430286641028317     
   7.9981428571428738E-003   314.58027574866156        41.430275748661586     
   8.0110000000000164E-003   314.58026476636837        41.430264766368396     
   8.0260000000000158E-003   314.58025822200659        41.430258222006614     
   8.0270000000000150E-003   314.58025821116763        41.430258211167654     
   8.0370000000000146E-003   314.58025806584357        41.430258065843589     
   8.0470000000000142E-003   314.58025788340348        41.430257883403499     
   8.0595000000000146E-003   314.58024063694694        41.430240636946962     
   8.0720000000000149E-003   314.58020610347648        41.430206103476507     
   8.0845000000000153E-003   314.58017130101865        41.430171301018675     
   8.0970000000000156E-003   314.58013622957350        41.430136229573520     
   8.1095000000000160E-003   314.58010088914097        41.430100889140988     
   8.1220000000000164E-003   314.58006527972111        41.430065279721134     
   8.1345000000000167E-003   314.58002940131388        41.430029401313902     
   8.1470000000000171E-003   314.57999325391927        41.429993253919292     
   8.1595000000000174E-003   314.57988786711718        41.429887867117202     
   8.1720000000000178E-003   314.57971290383426        41.429712903834286     
   8.1848571428571604E-003   314.57961664695739        41.429616646957413     
   8.1977142857143030E-003   314.57960463779284        41.429604637792863     
   8.2105714285714455E-003   314.57959253870177        41.429592538701797     
   8.2234285714285881E-003   314.57958034968414        41.429580349684159     
   8.2362857142857307E-003   314.57956807073998        41.429568070740004     
   8.2491428571428733E-003   314.57955570186931        41.429555701869333     
   8.2620000000000159E-003   314.57954324307207        41.429543243072089     
   8.2770000000000152E-003   314.57953582659599        41.429535826596009     
   8.2780000000000145E-003   314.57953581431434        41.429535814314363     
   8.2880000000000141E-003   314.57953564966311        41.429535649663137     
   8.2980000000000137E-003   314.57953544299556        41.429535442995586     
   8.3105000000000141E-003   314.57951591007861        41.429515910078635     
   8.3230000000000144E-003   314.57947683397157        41.429476833971592     
   8.3355000000000148E-003   314.57943748887715        41.429437488877170     
   8.3480000000000151E-003   314.57939787479540        41.429397874795427     
   8.3605000000000155E-003   314.57935799172628        41.429357991726306     
   8.3730000000000158E-003   314.57931783966984        41.429317839669864     
   8.3855000000000162E-003   314.57927741862608        41.429277418626100     
   8.3980000000000166E-003   314.57923672859499        41.429236728595015     
   8.4105000000000169E-003   314.57911819567812        41.429118195678143     
   8.4230000000000173E-003   314.57892148280223        41.428921482802252     
   8.4358571428571599E-003   314.57881330217708        41.428813302177105     
   8.4487142857143024E-003   314.57879981652582        41.428799816525839     
   8.4615714285714450E-003   314.57878624094803        41.428786240948057     
   8.4744285714285876E-003   314.57877257544374        41.428772575443759     
   8.4872857142857302E-003   314.57875882001287        41.428758820012888     
   8.5001428571428728E-003   314.57874497465554        41.428744974655558     
   8.5130000000000153E-003   314.57873103937158        41.428731039371598     
   8.5280000000000147E-003   314.57872275079143        41.428722750791451     
   8.5290000000000140E-003   314.57872273706704        41.428722737067062     
   8.5390000000000136E-003   314.57872255308820        41.428722553088221     
   8.5490000000000132E-003   314.57872232219268        41.428722322192698     
   8.5615000000000135E-003   314.57870050276244        41.428700502762467     
   8.5740000000000139E-003   314.57865688391388        41.428656883913902     
   8.5865000000000143E-003   314.57861299607794        41.428612996077959     
   8.5990000000000146E-003   314.57856883925467        41.428568839254694     
   8.6115000000000150E-003   314.57852441344403        41.428524413444052     
   8.6240000000000153E-003   314.57847971864607        41.428479718646088     
   8.6365000000000157E-003   314.57843475486078        41.428434754860803     
   8.6490000000000161E-003   314.57838952208817        41.428389522088196     
   8.6615000000000164E-003   314.57825784275246        41.428257842752487     
   8.6740000000000168E-003   314.57803937978048        41.428039379780500     
   8.6868571428571593E-003   314.57791927513114        41.427919275131160     
   8.6997142857143019E-003   314.57790431295911        41.427904312959129     
   8.7125714285714445E-003   314.57788926086050        41.427889260860525     
   8.7254285714285871E-003   314.57787411883544        41.427874118835462     
   8.7382857142857297E-003   314.57785888688380        41.427858886883826     
   8.7511428571428723E-003   314.57784356500565        41.427843565005674     
   8.7640000000000148E-003   314.57782815320093        41.427828153200949     
   8.7790000000000142E-003   314.57781899249659        41.427818992496611     
   8.7800000000000135E-003   314.57781897732957        41.427818977329594     
   8.7900000000000131E-003   314.57781877402363        41.427818774023649     
   8.8000000000000127E-003   314.57781851890070        41.427818518900722     
   8.8125000000000130E-003   314.57779441300983        41.427794413009849     
   8.8250000000000134E-003   314.57774625152422        41.427746251524241     
   8.8375000000000137E-003   314.57769782105123        41.427697821051254     
   8.8500000000000141E-003   314.57764912159092        41.427649121590946     
   8.8625000000000145E-003   314.57760015314329        41.427600153143317     
   8.8750000000000148E-003   314.57755091570829        41.427550915708309     
   8.8875000000000152E-003   314.57750140928596        41.427501409285981     
   8.9000000000000155E-003   314.57745163387625        41.427451633876274     
   8.9125000000000159E-003   314.57730680842440        41.427306808424419     
   8.9250000000000163E-003   314.57706659585722        41.427066595857241     
   8.9378571428571588E-003   314.57693456745835        41.426934567458375     
   8.9507142857143014E-003   314.57691812879949        41.426918128799514     
   8.9635714285714440E-003   314.57690160021411        41.426901600214137     
   8.9764285714285866E-003   314.57688498170222        41.426884981702244     
   8.9892857142857292E-003   314.57686827326381        41.426868273263835     
   9.0021428571428717E-003   314.57685147489889        41.426851474898911     
   9.0150000000000143E-003   314.57683458660739        41.426834586607413     
   9.0300000000000137E-003   314.57682455379893        41.426824553798951     
   9.0310000000000130E-003   314.57682453718922        41.426824537189248     
   9.0410000000000126E-003   314.57682431455606        41.426824314556086     
   9.0510000000000122E-003   314.57682403520562        41.426824035205641     
   9.0635000000000125E-003   314.57679764283830        41.426797642838324     
   9.0760000000000129E-003   314.57674493868421        41.426744938684237     
   9.0885000000000132E-003   314.57669196554275        41.426691965542773     
   9.1010000000000136E-003   314.57663872341396        41.426638723413987     
   9.1135000000000140E-003   314.57658521229786        41.426585212297880     
   9.1260000000000143E-003   314.57653143219443        41.426531432194452     
   9.1385000000000147E-003   314.57647738310362        41.426477383103645     
   9.1510000000000150E-003   314.57642306502549        41.426423065025517     
   9.1635000000000154E-003   314.57626509336637        41.426265093366396     
   9.1760000000000157E-003   314.57600313105303        41.426003131053051     
   9.1888571428571583E-003   314.57585917882193        41.425859178821952     
   9.2017142857143009E-003   314.57584126366606        41.425841263666086     
   9.2145714285714435E-003   314.57582325858363        41.425823258583648     
   9.2274285714285861E-003   314.57580516357473        41.425805163574751     
   9.2402857142857286E-003   314.57578697863920        41.425786978639223     
   9.2531428571428712E-003   314.57576870377721        41.425768703777237     
   9.2660000000000138E-003   314.57575033898866        41.425750338988678     
   9.2810000000000132E-003   314.57573943407004        41.425739434070067     
   9.2820000000000125E-003   314.57573941601760        41.425739416017620     
   9.2920000000000121E-003   314.57573917405716        41.425739174057185     
   9.3020000000000116E-003   314.57573887047920        41.425738870479222     
   9.3145000000000120E-003   314.57571019163828        41.425710191638302     
   9.3270000000000124E-003   314.57565294482134        41.425652944821366     
   9.3395000000000127E-003   314.57559542901708        41.425595429017108     
   9.3520000000000131E-003   314.57553764422545        41.425537644225471     
   9.3645000000000134E-003   314.57547959044643        41.425479590446457     
   9.3770000000000138E-003   314.57542126768010        41.425421267680122     
   9.3895000000000142E-003   314.57536267592644        41.425362675926465     
   9.4020000000000145E-003   314.57530381518541        41.425303815185430     
   9.4145000000000149E-003   314.57513269733522        41.425132697335243     
   9.4270000000000152E-003   314.57484898530265        41.424848985302674     
   9.4398571428571578E-003   314.57469310925410        41.424693109254122     
   9.4527142857143004E-003   314.57467371760299        41.424673717603014     
   9.4655714285714430E-003   314.57465423602537        41.424654236025390     
   9.4784285714285856E-003   314.57463466452123        41.424634664521250     
   9.4912857142857281E-003   314.57461500309057        41.424615003090594     
   9.5041428571428707E-003   314.57459525173329        41.424595251733308     
   9.5170000000000133E-003   314.57457541044954        41.424575410449563     
   9.5320000000000127E-003   314.57456363342180        41.424563633421826     
   9.5330000000000120E-003   314.57456361392667        41.424563613926694     
   9.5430000000000115E-003   314.57456335263913        41.424563352639154     
   9.5530000000000111E-003   314.57456302483382        41.424563024833844     
   9.5655000000000115E-003   314.57453205953937        41.424532059539388     
   9.5780000000000119E-003   314.57447027009954        41.424470270099562     
   9.5905000000000122E-003   314.57440821167233        41.424408211672358     
   9.6030000000000126E-003   314.57434588425781        41.424345884257832     
   9.6155000000000129E-003   314.57428328785596        41.424283287855985     
   9.6280000000000133E-003   314.57422042246668        41.424220422466703     
   9.6405000000000136E-003   314.57415728809008        41.424157288090100     
   9.6530000000000140E-003   314.57409388472615        41.424093884726176     
   9.6655000000000144E-003   314.57390962080058        41.423909620800600     
   9.6780000000000147E-003   314.57360415924018        41.423604159240199     
   9.6908571428571573E-003   314.57343635947905        41.423436359479069     
   9.7037142857142999E-003   314.57341549134571        41.423415491345736     
   9.7165714285714425E-003   314.57339453328581        41.423394533285830     
   9.7294285714285850E-003   314.57337348529938        41.423373485299408     
   9.7422857142857276E-003   314.57335234738645        41.423352347386469     
   9.7551428571428702E-003   314.57333111954699        41.423331119547015     
   9.7680000000000128E-003   314.57330980178102        41.423309801781045     
   9.7830000000000122E-003   314.57329715265189        41.423297152651912     
   9.7840000000000114E-003   314.57329713171407        41.423297131714094     
   9.7940000000000110E-003   314.57329685109903        41.423296851099053     
   9.8040000000000106E-003   314.57329649906580        41.423296499065827     
   9.8165000000000110E-003   314.57326324726517        41.423263247265197     
   9.8290000000000113E-003   314.57319691509787        41.423196915097890     
   9.8415000000000117E-003   314.57313031394324        41.423130313943261     
   9.8540000000000121E-003   314.57306344380129        41.423063443801311     
   9.8665000000000124E-003   314.57299630467196        41.422996304671983     
   9.8790000000000128E-003   314.57292889655531        41.422928896555334     
   9.8915000000000131E-003   314.57286121945128        41.422861219451306     
   9.9040000000000135E-003   314.57279327335993        41.422793273359957     
   9.9165000000000138E-003   314.57259586305639        41.422595863056415     
   9.9290000000000142E-003   314.57226865146754        41.422268651467562     
   9.9418571428571568E-003   314.57208892771934        41.422088927719358     
   9.9547142857142994E-003   314.57206658306978        41.422066583069807     
   9.9675714285714419E-003   314.57204414849372        41.422044148493740     
   9.9804285714285845E-003   314.57202162399108        41.422021623991100     
   9.9932857142857271E-003   314.57199900956186        41.421999009561887     
   1.0006142857142870E-002   314.57197630520608        41.421976305206101     
   1.0019000000000012E-002   314.57195351092383        41.421953510923856     
   1.0034000000000012E-002   314.57193998967318        41.421939989673206     
   1.0035000000000011E-002   314.57193996729268        41.421939967292701     
   1.0045000000000011E-002   314.57193966735048        41.421939667350500     
   1.0055000000000010E-002   314.57193929108985        41.421939291089870     
   1.0067500000000010E-002   314.57190375282408        41.421903752824107     
   1.0080000000000011E-002   314.57183287801081        41.421832878010832     
   1.0092500000000011E-002   314.57176173421021        41.421761734210236     
   1.0105000000000012E-002   314.57169032142224        41.421690321422261     
   1.0117500000000012E-002   314.57161863964700        41.421618639647022     
   1.0130000000000012E-002   314.57154668888438        41.421546688884405     
   1.0142500000000013E-002   314.57147446913439        41.421474469134409     
   1.0155000000000013E-002   314.57140198039701        41.421401980397036     
   1.0167500000000013E-002   314.57119142395135        41.421191423951370     
   1.0180000000000014E-002   314.57084246272422        41.420842462724238     
   1.0192857142857156E-002   314.57065081520290        41.420650815202919     
   1.0205714285714299E-002   314.57062699406367        41.420626994063696     
   1.0218571428571441E-002   314.57060308299788        41.420603082997900     
   1.0231428571428584E-002   314.57057908200557        41.420579082005588     
   1.0244285714285727E-002   314.57055499108674        41.420554991086760     
   1.0257142857142869E-002   314.57053081024139        41.420530810241416     
   1.0270000000000012E-002   314.57050653946953        41.420506539469557     
   1.0285000000000011E-002   314.57049214611311        41.420492146113133     
   1.0286000000000010E-002   314.57049212228992        41.420492122289943     
   1.0296000000000010E-002   314.57049180302022        41.420491803020241     
   1.0306000000000010E-002   314.57049140253179        41.420491402531809     
   1.0318500000000010E-002   314.57045357776644        41.420453577766466     
   1.0331000000000010E-002   314.57037816023865        41.420378160238670     
   1.0343500000000011E-002   314.57030247372359        41.420302473723609     
   1.0356000000000011E-002   314.57022651822120        41.420226518221227     
   1.0368500000000011E-002   314.57015029373144        41.420150293731467     
   1.0381000000000012E-002   314.57007380025436        41.420073800254386     
   1.0393500000000012E-002   314.56999703778990        41.419997037789926     
   1.0406000000000012E-002   314.56992000633812        41.419920006338145     
   1.0418500000000013E-002   314.56969630355223        41.419696303552257     
   1.0431000000000013E-002   314.56932559235906        41.419325592359087     
   1.0443857142857156E-002   314.56912202088495        41.419122020884970     
   1.0456714285714298E-002   314.56909672323371        41.419096723233736     
   1.0469571428571441E-002   314.56907133565591        41.419071335655929     
   1.0482428571428584E-002   314.56904585815158        41.419045858151605     
   1.0495285714285726E-002   314.56902029072074        41.419020290720766     
   1.0508142857142869E-002   314.56899463336333        41.418994633363354     
   1.0521000000000011E-002   314.56896888607940        41.418968886079426     
   1.0536000000000011E-002   314.56895362060396        41.418953620603986     
   1.0537000000000010E-002   314.56895359533803        41.418953595338053     
   1.0547000000000009E-002   314.56895325674071        41.418953256740735     
   1.0557000000000009E-002   314.56895283202431        41.418952832024331     
   1.0569500000000009E-002   314.56891272074114        41.418912720741162     
   1.0582000000000010E-002   314.56883276046278        41.418832760462806     
   1.0594500000000010E-002   314.56875253119711        41.418752531197129     
   1.0607000000000011E-002   314.56867203294405        41.418672032944073     
   1.0619500000000011E-002   314.56859126570367        41.418591265703697     
   1.0632000000000011E-002   314.56851022947598        41.418510229475999     
   1.0644500000000012E-002   314.56842892426090        41.418428924260922     
   1.0657000000000012E-002   314.56834735005850        41.418347350058525     
   1.0669500000000012E-002   314.56811050082757        41.418110500827595     
   1.0682000000000013E-002   314.56771803949488        41.417718039494900     
   1.0694857142857155E-002   314.56750254397286        41.417502543972887     
   1.0707714285714298E-002   314.56747576979780        41.417475769797818     
   1.0720571428571440E-002   314.56744890569621        41.417448905696233     
   1.0733428571428583E-002   314.56742195166811        41.417421951668132     
   1.0746285714285726E-002   314.56739490771344        41.417394907713458     
   1.0759142857142868E-002   314.56736777383230        41.417367773832325     
   1.0772000000000011E-002   314.56734055002460        41.417340550024619     
   1.0787000000000010E-002   314.56732441242315        41.417324412423170     
   1.0788000000000009E-002   314.56732438571453        41.417324385714551     
   1.0798000000000009E-002   314.56732402779073        41.417324027790755     
   1.0808000000000009E-002   314.56732357884761        41.417323578847629     
   1.0820500000000009E-002   314.56728118116934        41.417281181169358     
   1.0833000000000009E-002   314.56719667838428        41.417196678384300     
   1.0845500000000010E-002   314.56711190661184        41.417111906611865     
   1.0858000000000010E-002   314.56702686585209        41.417026865852108     
   1.0870500000000010E-002   314.56694155610501        41.416941556105030     
   1.0883000000000011E-002   314.56685597737061        41.416855977370631     
   1.0895500000000011E-002   314.56677012964889        41.416770129648910     
   1.0908000000000011E-002   314.56668401293979        41.416684012939811     
   1.0920500000000012E-002   314.56643401796970        41.416434017969721     
   1.0933000000000012E-002   314.56601980766550        41.416019807665521     
   1.0945857142857155E-002   314.56579238873587        41.415792388735895     
   1.0958714285714297E-002   314.56576413811638        41.415764138116401     
   1.0971571428571440E-002   314.56573579757037        41.415735797570392     
   1.0984428571428582E-002   314.56570736709784        41.415707367097866     
   1.0997285714285725E-002   314.56567884669880        41.415678846698825     
   1.1010142857142868E-002   314.56565023637319        41.415650236373210     
   1.1023000000000010E-002   314.56562153612106        41.415621536121080     
   1.1038000000000010E-002   314.56560452644055        41.415604526440575     
   1.1039000000000009E-002   314.56560449828925        41.415604498289269     
   1.1049000000000008E-002   314.56560412103880        41.415604121038825     
   1.1059000000000008E-002   314.56560364786895        41.415603647868977     
   1.1071500000000008E-002   314.56555896379240        41.415558963792421     
   1.1084000000000009E-002   314.56546991849405        41.415469918494068     
   1.1096500000000009E-002   314.56538060420837        41.415380604208394     
   1.1109000000000009E-002   314.56529102093543        41.415291020935456     
   1.1121500000000010E-002   314.56520116867506        41.415201168675082     
   1.1134000000000010E-002   314.56511104742737        41.415111047427388     
   1.1146500000000011E-002   314.56502065719235        41.415020657192372     
   1.1159000000000011E-002   314.56492999796990        41.414929997969921     
   1.1171500000000011E-002   314.56466685724160        41.414666857241627     
   1.1184000000000012E-002   314.56423089793435        41.414230897934374     
   1.1196857142857154E-002   314.56399155557983        41.413991555579855     
   1.1209714285714297E-002   314.56396182851370        41.413961828513720     
   1.1222571428571439E-002   314.56393201152099        41.413932011521013     
   1.1235428571428582E-002   314.56390210460177        41.413902104601789     
   1.1248285714285725E-002   314.56387210775603        41.413872107756049     
   1.1261142857142867E-002   314.56384202098371        41.413842020983736     
   1.1274000000000010E-002   314.56381184428494        41.413811844284965     
   1.1289000000000009E-002   314.56379396252402        41.413793962524039     
   1.1290000000000008E-002   314.56379393293008        41.413793932930105     
   1.1300000000000008E-002   314.56379353635225        41.413793536352273     
   1.1310000000000008E-002   314.56379303895471        41.413793038954736     
   1.1322500000000008E-002   314.56374606839557        41.413746068395596     
   1.1335000000000008E-002   314.56365248041658        41.413652480416602     
   1.1347500000000009E-002   314.56355862345021        41.413558623450228     
   1.1360000000000009E-002   314.56346449749657        41.413464497496591     
   1.1372500000000009E-002   314.56337010255555        41.413370102555575     
   1.1385000000000010E-002   314.56327543862722        41.413275438627238     
   1.1397500000000010E-002   314.56318050571156        41.413180505711580     
   1.1410000000000010E-002   314.56308530380858        41.413085303808600     
   1.1422500000000011E-002   314.56280901683817        41.412809016838196     
   1.1435000000000011E-002   314.56235130772717        41.412351307727192     
   1.1447857142857154E-002   314.56210004150887        41.412100041508893     
   1.1460714285714296E-002   314.56206883794181        41.412068837941831     
   1.1473571428571439E-002   314.56203754444823        41.412037544448253     
   1.1486428571428581E-002   314.56200616102814        41.412006161028160     
   1.1499285714285724E-002   314.56197468768153        41.411974687681550     
   1.1512142857142867E-002   314.56194312440834        41.411943124408367     
   1.1525000000000009E-002   314.56191147120859        41.411911471208612     
   1.1540000000000009E-002   314.56189271733518        41.411892717335206     
   1.1541000000000008E-002   314.56189268629856        41.411892686298586     
   1.1551000000000007E-002   314.56189227039329        41.411892270393309     
   1.1561000000000007E-002   314.56189174876795        41.411891748767971     
   1.1573500000000007E-002   314.56184249171321        41.411842491713230     
   1.1586000000000008E-002   314.56174436102782        41.411744361027843     
   1.1598500000000008E-002   314.56164596135511        41.411645961355134     
   1.1611000000000008E-002   314.56154729269508        41.411547292695104     
   1.1623500000000009E-002   314.56144835504773        41.411448355047753     
   1.1636000000000009E-002   314.56134914841300        41.411349148413024     
   1.1648500000000010E-002   314.56124967279095        41.411249672790973     
   1.1661000000000010E-002   314.56114992818152        41.411149928181544     
   1.1673500000000010E-002   314.56086049489403        41.410860494894052     
   1.1686000000000011E-002   314.56038103585530        41.410381035855323     
   1.1698857142857153E-002   314.56011784570524        41.410117845705258     
   1.1711714285714296E-002   314.56008516562883        41.410085165628857     
   1.1724571428571438E-002   314.56005239562586        41.410052395625883     
   1.1737428571428581E-002   314.56001953569637        41.410019535696392     
   1.1750285714285724E-002   314.55998658584031        41.409986585840329     
   1.1763142857142866E-002   314.55995354605773        41.409953546057750     
   1.1776000000000009E-002   314.55992041634863        41.409920416348655     
   1.1791000000000008E-002   314.55990079035780        41.409900790357824     
   1.1792000000000007E-002   314.55990075787844        41.409900757878461     
   1.1802000000000007E-002   314.55990032264629        41.409900322646308     
   1.1812000000000007E-002   314.55989977679394        41.409899776793964     
   1.1824500000000007E-002   314.55984823330573        41.409848233305752     
   1.1837000000000007E-002   314.55974556003719        41.409745560037209     
   1.1849500000000008E-002   314.55964261778132        41.409642617781344     
   1.1862000000000008E-002   314.55953940653808        41.409539406538102     
   1.1874500000000008E-002   314.55943592630751        41.409435926307538     
   1.1887000000000009E-002   314.55933217708957        41.409332177089595     
   1.1899500000000009E-002   314.55922815888431        41.409228158884332     
   1.1912000000000009E-002   314.55912387169172        41.409123871691747     
   1.1924500000000010E-002   314.55882129244384        41.408821292443861     
   1.1937000000000010E-002   314.55832008406759        41.408320084067611     
   1.1949857142857153E-002   314.55804497030920        41.408044970309220     
          50
